0.0238356
-0.168797
-0.00321106
-0.0528958
0.127787
-0.0821986
-0.0273267
0.02993
0.00752475
-0.119857
-0.0117445
0.186091
-0.218878
0.0448924
-0.0215601
0.409171
0.00269796
0.00646787
0.0204611
-0.0800846
0.236314
-0.271268
-0.16541
-0.250903
0.0336917
-0.0916115
-0.00403592
-0.150699
-0.00748853
-0.0704182
0.0240824
-0.0880444
0.0135937
0.0749159
0.303424
-0.189536
-0.0737726
-0.0144262
-0.190399
0.0785671
-0.034546
0.00368986
-0.316101
-0.170542
0.590608
-0.0241851
-0.0180317
0.0473003
0.0287228
0.0154806
-0.191897
0.170063
-0.0671596
0.15497
0.0305859
0.31322
0.0757424
0.0835428
0.0675699
-0.0835499
0.234636
0.185613
-0.0226601
0.144561
-0.392172
-0.212481
0.134444
-0.0361239
0.0935345
0.071823
0.0601854
0.0206387
0.363269
-0.0713175
-0.0878045
0.123936
-0.0128945
0.0352208
-0.114533
0.125402
0.201819
-0.291215
0.0205298
-0.466432
-0.0195328
-0.163971
0.0420954
-0.16684
-0.0693441
0.0204733
0.331199
0.133596
-0.0284077
0.113539
-0.194814
-0.258876
0.0452679
-0.164015
-0.00757473
0.129828
0.209073
-0.0840497
-0.478424
0.19303
0.0813775
0.0200633
0.089849
-0.154548
0.0277643
0.157013
-0.0139762
-0.0605559
-0.0249808
0.0991805
-0.204671
-0.0913573
0.106341
-0.172182
-0.0487722
0.0305008
0.00331943
-0.257022
-0.0738533
0.0218293
0.422925
-0.410332
0.423985
-0.216565
0.296365
0.256882
-0.108765
0.0337495
-0.0541027
0.0210039
-0.0415997
-0.0675953
0.167119
-0.0922844
-0.394391
-0.0296484
-0.039774
0.119801
0.0256175
-0.561634
-0.229382
0.107871
-0.0704714
0.0357476
-0.00177754
0.120007
-0.183023
0.156165
-0.124157
0.00222934
-0.0452974
-0.00613529
0.145343
0.336033
0.0442939
0.0182903
-0.0756119
-0.313356
-0.0692999
0.134148
-0.0893811
0.00402496
-0.321668
0.170488
-0.110848
0.161889
0.0817257
-0.0356075
-0.0453923
0.119735
-0.0385599
0.209355
0.0107078
-0.0763778
0.0519023
-0.0359269
-0.0899634
0.0548129
-0.464293
0.0999141
-0.357642
-5.22655e-05
0.176728
-0.0184078
0.0138201
-0.0761501
0.130078
-0.0080283
0.0289894
0.122157
0.0502045
-0.0318658
-0.118717
0.222517
0.0291505
-0.000440336
0.588847
-0.160969
0.072172
0.0288469
0.194048
-0.137139
-0.110246
-0.0833785
-0.0627483
-0.296299
-0.0545182
-0.0767423
-0.0442469
0.0239632
-0.357211
0.313153
0.383139
0.184712
0.323444
-0.0152347
-0.186729
0.0605522
-0.0609251
-0.127854
-0.294222
-0.199738
-0.177091
0.0671717
0.255661
-0.0288278
-0.0969447
-0.00895431
0.154947
0.336464
0.0970691
0.120357
-0.0503354
0.0559218
0.155141
0.0538948
0.144945
0.212933
0.0826963
0.0511246
0.00579437
0.0012252
-0.238038
0.0316954
0.0356709
-0.120524
-0.279069
-0.206862
0.00382431
-0.0253243
-0.105098
-0.324472
0.108443
-0.0785416
0.0965826
-0.0398864
-0.040687
-0.120973
0.17575
-0.0456396
-0.00379657
0.110623
0.164757
-0.0730087
0.0959511
0.250433
0.438054
0.0673386
0.195344
-0.00516131
-0.175872
0.280298
0.000720171
-0.198411
-0.00440002
0.115082
0.353923
0.196843
0.0169999
-0.132038
-0.0817957
0.100471
0.0538931
-0.125452
-0.0634752
-0.268905
0.00872157
0.0133168
-0.088528
0.019254
0.0298216
0.085086
-0.21394
0.012215
-0.12023
0.00526287
-0.199437
-0.124222
0.00141848
-0.00242051
0.0458119
0.0306882
0.0366252
0.15096
0.0661149
-0.164198
-0.0974188
0.512289
-0.00740549
-0.292152
0.195265
0.0338295
0.0392583
-0.00566223
0.0316802
-0.302688
-0.137807
0.0965104
-0.0521737
-0.0345893
-0.372606
0.0314558
0.00724408
-0.0348575
0.14066
-0.00400631
0.181942
-0.0597113
-0.169492
0.0422388
-0.224138
0.324072
-0.297824
0.152715
-0.183148
-0.107934
0.0042252
0.00431234
-0.0826878
0.0897014
0.0562144
-0.0128297
-0.278866
-0.265294
0.0849021
0.112526
0.107745
-0.104359
0.186777
0.0796302
0.075407
-0.393492
0.166889
-0.0499642
0.00715833
0.192735
0.0599717
0.0294266
0.112763
-0.14659
-0.0744633
0.0686909
0.176781
0.243183
-0.155515
0.0797608
-0.155958
0.34429
-0.112945
-0.122427
0.0116102
-0.225413
0.00161205
-0.184128
0.0371169
0.192175
-0.237593
-0.0260766
0.0188312
0.0728119
-0.375483
0.0397867
-0.0142923
0.201823
-0.135254
-0.359485
0.164152
-0.0108873
-0.235669
-0.00655654
-0.0558492
-0.0808272
0.0216481
-7.15775e-05
0.277383
0.692408
-0.0642158
-0.00136391
0.0852301
-0.167057
-0.0981265
0.0397568
-0.0758993
0.0585883
0.0181215
-0.0150902
0.0606359
-0.268031
-0.344251
0.0206963
-0.106461
0.124052
-0.305204
0.0214957
0.18752
0.185908
-0.0662077
0.360645
0.49985
0.182066
-0.0667996
0.0432067
-0.224371
-0.0301834
-0.0122654
0.267891
0.0751179
-0.292796
0.240522
-0.0972927
-0.0848765
-0.164582
-0.0222486
0.358919
-0.159048
-0.194906
-0.109044
-0.0909729
0.0695244
0.0958928
0.0650453
-0.41497
-0.0686095
-0.439728
0.304481
0.161342
-0.147799
0.671164
-0.144484
-0.0597054
0.00970512
0.0987861
0.143938
-0.0694315
-0.126871
-0.0354007
-0.0630159
-0.482322
-0.0115574
0.183962
0.0625511
0.284537
0.348587
-0.0277824
-0.0244147
0.0567154
0.00118579
0.00866845
-0.174589
-0.0224958
-0.108008
0.13107
-0.32373
-0.124328
0.529768
-0.111448
-0.30514
-0.140061
-0.172673
0.31116
0.00247436
0.213078
0.087902
-0.0900504
-0.0164197
0.0348287
-0.000933008
-0.0570719
0.0130798
-0.238724
0.235878
-0.316209
-0.308317
-0.154744
0.239701
-0.106467
0.0271818
0.0219836
0.0805727
-0.0980147
0.0576752
0.52508
-0.00637736
-0.0902895
0.154096
0.0801334
0.329403
0.223061
0.115717
0.0213241
0.0268778
0.0192421
0.000853287
-0.215101
-0.000547679
-0.0908963
-0.117089
-0.143264
0.0809066
-0.0449668
-0.106781
-0.0696752
0.114959
0.0837016
-0.279242
0.504728
0.0446344
0.0886062
-0.00901944
0.0358527
-0.00291548
0.0620613
0.0193737
0.160168
-0.0770013
-0.0266208
0.080606
0.179767
0.0904032
0.0314589
-0.61716
-0.00219017
0.0426425
-0.553864
0.420494
-0.0636145
-0.0614219
-0.152492
0.0337281
-0.0603884
0.0328883
-0.0251057
0.0394969
0.258759
0.245048
-0.0806839
-0.022317
0.402925
0.213058
0.0390023
0.0447677
-0.0304256
-0.183023
-0.0442998
-0.311986
0.0239562
0.0701288
-0.0561277
0.127207
-0.102885
0.0249055
-0.00145932
0.129985
-0.387315
-0.0307617
-0.328532
0.0954869
0.338902
-0.107244
-0.0892443
0.0820987
-0.0863443
0.106883
-0.00252597
-0.117198
0.173246
0.0438015
0.20968
0.0674775
-0.0142979
0.313697
-0.0194909
0.378192
-0.330588
0.0273006
-0.19185
0.109998
-0.0528605
-0.0684896
0.0360034
0.110554
-0.0386462
-0.00416609
-0.112378
-0.018156
0.0105341
-0.30063
-0.129693
-0.15917
0.482368
-0.00289942
-0.0510012
-0.0598937
-0.112686
0.28873
0.0109296
-0.188344
-0.037875
0.0356262
0.0473055
-0.018221
0.304182
0.314839
0.0730846
0.162608
-0.0326167
-0.111035
0.0968763
-0.0265396
-0.110611
-0.086171
0.157938
0.0307937
-0.0408445
-0.0724726
0.272542
0.255193
0.0128008
0.0219428
-0.0306908
0.0714315
-0.270651
-0.0144868
-0.0481556
0.158572
0.0820531
-0.202483
0.255293
-0.0846597
-0.10225
0.0946046
0.43146
-0.0164226
0.042478
-0.209948
-0.0886372
-0.266132
-0.0277174
-0.0684431
0.0673671
0.211618
-0.0140251
-0.312706
0.0655659
0.0576396
-0.0576715
0.0243358
-0.0893826
0.0779719
0.130298
-0.00126833
0.0522636
0.0936615
-0.476749
-0.0206348
-0.0469532
0.123333
0.0551721
0.193564
-0.0965152
0.0320018
0.0100695
-0.069766
-0.00443003
0.0120461
-0.301591
-0.0279746
0.224231
-0.242488
-0.385787
0.00763144
-0.105171
-0.0570866
0.0753271
0.0938145
0.296382
0.349047
-0.0232109
0.657089
-0.0223009
0.0558106
0.0631582
-0.0589804
-0.266499
0.104106
0.0298764
0.18927
-0.0919739
0.0905481
0.0402279
-0.0960341
-0.19986
-0.00168557
0.056876
-0.216187
-0.409282
-0.0573255
0.325973
-0.348871
-0.514127
-0.125065
0.0954498
-0.0844127
0.052909
0.0656001
-0.0355692
0.0584335
-0.114462
0.104491
0.00359281
-0.183169
-0.429369
-0.124945
-0.144121
0.0128623
0.0205507
0.00584741
-0.112904
-0.0345706
-0.150357
0.114929
-0.188144
-0.211412
0.00643016
-0.0112039
-0.0468113
-0.0275172
0.178859
0.0876994
-0.066318
0.0174588
0.105136
-0.118553
0.0280289
0.127875
0.261915
0.0156163
0.0779937
0.322325
-0.0109155
-0.00957851
-0.0601708
-0.0299774
0.480066
0.281281
0.0824518
0.0953088
-0.0132567
-0.135944
-0.158982
-0.191283
-0.135938
0.394525
-0.00540807
-0.212787
-0.06549
-0.00496788
0.0388636
-0.384661
-0.048832
-0.0594488
-0.00604715
-0.032345
0.00533081
0.2457
-0.060693
0.0116884
0.0378158
-0.0281405
-0.243127
0.142515
-0.154468
-0.129512
0.490875
0.113404
-0.164304
-0.0831194
0.259098
0.0415869
0.0231036
-0.024241
-0.161101
0.131409
-0.205122
0.020476
0.0574041
-0.256231
-0.0448661
0.0182695
-0.129754
-0.0587225
-0.227588
-0.031425
-0.0572578
-0.0817108
0.0114573
0.146791
-0.175337
-0.00662352
0.02389
0.11045
0.402482
-0.0497627
-0.110893
0.200433
-0.0741053
-0.331742
-0.106798
0.0842755
0.0846437
-0.0218793
-0.0711958
0.0738081
-0.0312222
-0.642565
0.031932
-0.524308
0.0501133
-0.0107611
-0.0134488
0.302769
0.182941
-0.134982
0.0505625
0.00280937
0.376166
-0.221212
0.0679146
-0.30465
0.11604
0.0846695
-0.0341484
0.0390528
0.300597
0.293095
0.00818682
0.122282
-0.28541
0.0448824
-0.141149
0.0158463
0.102079
0.0609197
-0.0387305
-0.00617895
-0.0125331
0.198565
-0.00834484
-0.581443
0.490388
-0.0425078
0.137799
0.00378806
-0.178635
-0.0891862
-0.0765
-0.0650815
0.0256338
0.261631
-0.181573
0.372253
0.166704
-0.0815792
-0.0412455
-0.0355563
-0.00740255
0.0509318
-0.224525
-0.19417
-0.102437
-0.0564752
-0.0612198
0.0729557
0.00612482
-0.061403
0.218734
-0.00808367
-0.111639
0.0226349
-0.117162
0.0723259
0.0361281
-0.166381
-0.427239
-0.0960403
0.171836
0.10089
0.154916
0.00712381
0.0386485
-0.206661
0.0202732
0.208389
0.171515
-0.0719934
-0.0565759
-0.398183
0.0610881
0.185038
0.353033
0.224755
-0.0997413
-0.0283199
-0.0701744
-0.151288
-0.00798171
-0.202401
-0.0733951
-0.0392381
0.0261695
-0.0378136
-0.18347
0.241585
0.677239
-0.0262212
0.194859
0.055725
-0.011755
-0.0706783
-0.18684
-0.179725
-0.520095
0.0388588
-0.233399
-0.355514
-0.116489
0.000666828
-0.316743
-0.0802221
-0.250205
-0.40853
-0.00561019
0.0323062
0.03037
-0.336904
0.142896
0.0687845
0.0799928
0.0574938
-0.142557
0.191334
-0.231589
0.0404158
0.00385219
-0.261096
0.858642
-0.0633647
0.0563703
-0.321054
0.289511
-0.0635768
-0.121357
-0.122296
0.00290415
0.0851095
0.0757994
0.0543602
0.358802
0.0696464
-0.343903
-0.0473733
0.309954
-0.0398672
0.00538926
-0.0961714
0.0694666
-0.346628
0.0232318
0.0436305
-0.147247
-0.0283185
0.117828
-0.040747
-0.152829
-0.0123146
-0.018289
0.0538643
-0.144026
-0.101661
-0.185612
-0.0360009
0.0229731
-0.247904
-0.118836
-0.128052
-0.0719183
0.0923815
0.0384663
-0.0795396
0.101363
0.0457335
0.116668
-0.0388854
-0.0256005
-0.0492455
0.120149
0.111311
-0.265455
0.274188
0.0153799
-0.211648
-0.0475632
-0.168443
0.0920739
0.134072
0.191752
-0.0301685
-0.382913
-0.198186
0.250018
-0.0542449
-0.0478242
0.113236
-0.162852
-0.0270511
0.0258591
-0.0286502
-0.113783
0.00456813
0.113059
0.0145804
0.0484639
-0.232654
-0.154571
0.103319
-0.0914988
-0.0288894
0.163989
0.29719
0.000334031
0.214921
0.352769
-0.204878
-0.00584713
0.0620365
0.0957899
0.125543
0.188719
0.197843
0.0326352
0.168493
-0.109314
0.0572837
0.254864
-0.0227425
-0.0429131
-0.69212
0.00455375
0.0816249
-0.0170628
0.0571398
-0.0966129
-0.00131976
0.0710785
0.149615
-0.18019
-0.284527
0.0257725
0.051021
0.00643694
0.0688147
-0.0213905
0.00500326
-0.205662
0.157673
0.153943
0.0389685
0.0699355
0.00265402
-0.0310422
0.193901
0.513893
-0.109514
0.182767
-0.0036067
-0.0113328
-0.133372
0.383651
0.0617154
-0.014232
0.0790648
0.0211672
-0.0336547
0.0199802
0.252983
0.420713
0.108991
0.300813
0.182363
-0.0147142
-0.168703
-0.0294854
0.150544
0.0133339
-0.00251709
0.147434
0.247779
-0.258258
-0.0375495
-0.0767196
-0.0175821
0.0131706
-0.15716
-0.159527
0.0965703
-0.204866
0.332466
0.204008
0.0792401
-0.0313695
-0.582506
0.0585849
0.0434218
0.119785
0.0800444
-0.10211
0.113042
-0.0275566
-0.446242
-0.0471125
0.186909
-0.125361
0.233608
0.135563
0.38611
0.32081
-0.01874
-0.0362188
-0.0542773
-0.270293
0.0767934
-0.1231
-0.445159
-0.22011
0.0849294
0.165438
-0.00997296
0.0275731
-0.032394
-0.0494007
-0.441159
0.0620658
-0.361371
0.127506
-0.0375897
-0.0630182
-0.157008
-0.192109
-0.0226556
-0.0334614
0.160801
0.139578
-0.321386
-0.256262
0.0289562
0.0652241
0.105042
0.128923
-0.197257
0.0933746
0.0677672
0.000739326
-0.0704002
-0.109569
-0.0121951
-0.0508999
-0.0192051
-0.241576
0.256558
-0.395089
-0.0911895
0.0271619
0.069256
-0.0249435
-0.665713
0.0768812
0.265261
0.268944
0.149429
0.00719592
0.40434
-0.0601451
0.0018049
0.030676
0.0178004
-0.00938534
0.335561
0.00997198
-0.0270078
0.0966075
0.182988
-0.0724543
-0.0840202
-0.0823945
0.522505
0.551123
-0.0413757
-0.0867693
-0.0130642
0.166149
0.0134896
-0.0474195
0.254136
0.0829963
-0.0763495
-0.221245
0.163639
-0.244306
-0.264928
-0.0298138
-0.546122
0.0523798
0.0485439
0.0419859
0.0736798
0.256118
-0.0156636
0.118311
0.0582942
0.00357995
-0.0152952
-0.0163542
-0.203335
-0.072005
0.0198588
0.182747
0.114581
0.0475811
-0.00565686
-0.153341
-0.0125979
0.00509114
-0.0816729
0.222594
-0.166445
0.0227005
0.134605
0.00795506
0.101381
0.00458233
-0.0580703
0.205667
0.333489
-0.359189
0.125459
-0.10172
0.18535
0.016632
0.06052
-0.571227
-0.065615
-0.0984561
-0.208795
0.0508439
-0.150628
0.283997
0.0543438
0.303007
0.0108653
0.247664
-0.304484
-0.0233141
0.0335618
0.0305319
0.457251
-0.0533461
0.0541481
-0.251432
0.494642
0.162975
-0.008809
0.147528
-0.429713
-0.00913792
0.0589747
0.54663
-0.184345
0.236119
-0.0097187
-0.0722968
-0.512402
0.58277
0.0379633
-0.069368
-0.0384346
-0.161838
0.100719
0.0668576
-0.127232
-0.177503
-0.0832692
-0.715987
0.102517
-0.027379
-0.00231722
0.00485973
0.599981
-0.329571
-0.105792
-0.00201441
0.17163
-0.0284527
0.241486
-0.273905
-0.394087
-0.283861
0.218875
0.0343029
0.0134208
0.195858
-0.218006
0.23099
0.204905
0.263482
-0.0234861
-0.00829447
-0.113411
0.0138456
0.193479
0.0287902
-0.0181414
-0.0824154
0.100795
0.332585
-0.336601
0.23735
-0.031476
0.00931456
0.402856
-0.221622
-0.0390523
0.00603241
0.188288
0.120165
-0.010281
0.175706
0.0562198
0.0165637
-0.0514504
-0.382016
0.106326
0.27965
-0.028911
0.286746
-0.23456
-0.11035
-0.0110784
0.0953096
0.0634472
-0.113895
0.0322832
-0.202554
-0.175299
-0.219933
-0.0666722
0.121022
-0.00850282
0.259874
-0.0126481
-0.133149
-0.202887
0.0143157
0.0439528
0.164003
-0.2026
-0.249575
-0.0232319
-0.210832
-0.0598272
-0.0441507
0.344366
0.108539
0.29023
0.0872622
-0.0400557
0.0623267
-0.0676906
-0.335133
-0.0865222
-0.0590493
-0.0371585
-0.11548
0.525487
0.0041777
0.119581
0.22338
-0.24983
0.102567
0.295144
-0.0158325
-0.238447
0.0583885
0.12889
-0.00419055
-0.0788906
0.014249
-0.147928
0.0267382
0.339528
-0.0884231
-0.411883
-0.0972115
0.00747519
0.132881
-0.136793
-0.00951885
0.121233
-0.0793101
-0.224506
0.0770473
0.323666
-0.0405982
-0.0263674
0.0226883
0.203669
-0.25614
