0 
3.91296e-07 
2.34754e-06 
6.6503e-06 
1.408e-05 
2.54156e-05 
4.14341e-05 
6.29101e-05 
9.06157e-05 
0.00012532 
0.000167788 
0.000218782 
0.000279059 
0.000349372 
0.00043047 
0.000523095 
0.000627983 
0.000745867 
0.000877471 
0.00102351 
0.0011847 
0.00136174 
0.00155533 
0.00176615 
0.00199488 
0.0022422 
0.00250876 
0.00279521 
0.0031022 
0.00343035 
0.00378029 
0.00415263 
0.00454796 
0.00496687 
0.00540993 
0.00587771 
0.00637076 
0.00688962 
0.0074348 
0.00800683 
0.0086062 
0.00923338 
0.00988886 
0.0105731 
0.0112865 
0.0120295 
0.0128026 
0.013606 
0.0144403 
0.0153057 
0.0162026 
0.0171314 
0.0180923 
0.0190856 
0.0201117 
0.0211708 
0.0222631 
0.0233888 
0.0245483 
0.0257416 
0.0269689 
0.0282304 
0.0295263 
0.0308565 
0.0322214 
0.0336208 
0.035055 
0.0365239 
0.0380275 
0.0395659 
0.041139 
0.0427468 
0.0443893 
0.0460663 
0.0477778 
0.0495237 
0.0513038 
0.053118 
0.0549661 
0.0568478 
0.0587631 
0.0607116 
0.0626932 
0.0647074 
0.0667541 
0.0688329 
0.0709434 
0.0730854 
0.0752585 
0.0774622 
0.0796961 
0.0819598 
0.0842529 
0.0865749 
0.0889253 
0.0913035 
0.0937091 
0.0961414 
0.0986 
0.101084 
0.103593 
0.106127 
0.108684 
0.111265 
0.113868 
0.116492 
0.119138 
0.121804 
0.124489 
0.127193 
0.129915 
0.132654 
0.13541 
0.138181 
0.140967 
0.143766 
0.146578 
0.149403 
0.152238 
0.155084 
0.157939 
0.160802 
0.163672 
0.166549 
0.169432 
0.172318 
0.175208 
0.1781 
0.180994 
0.183887 
0.18678 
0.189671 
0.192559 
0.195443 
0.198322 
0.201194 
0.204059 
0.206916 
0.209762 
0.212598 
0.215423 
0.218234 
0.22103 
0.223812 
0.226577 
0.229324 
0.232052 
0.23476 
0.237447 
0.240111 
0.242752 
0.245368 
0.247958 
0.25052 
0.253055 
0.255559 
0.258033 
0.260475 
0.262884 
0.265258 
0.267597 
0.2699 
0.272164 
0.274389 
0.276574 
0.278718 
0.280819 
0.282876 
0.284889 
0.286855 
0.288775 
0.290646 
0.292467 
0.294239 
0.295958 
0.297625 
0.299238 
0.300796 
0.302298 
0.303743 
0.30513 
0.306458 
0.307726 
0.308932 
0.310077 
0.311158 
0.312175 
0.313127 
0.314013 
0.314831 
0.315582 
0.316264 
0.316877 
0.317418 
0.317889 
0.318286 
0.318611 
0.318862 
0.319038 
0.319138 
0.319162 
0.319109 
0.318978 
0.318768 
0.318479 
0.318111 
0.317662 
0.317131 
0.316519 
0.315824 
0.315047 
0.314185 
0.31324 
0.31221 
0.311095 
0.309895 
0.308608 
0.307236 
0.305776 
0.304229 
0.302594 
0.300872 
0.299061 
0.297162 
0.295174 
0.293096 
0.29093 
0.288674 
0.286329 
0.283894 
0.281369 
0.278754 
0.276049 
0.273254 
0.270369 
0.267393 
0.264328 
0.261173 
0.257928 
0.254593 
0.251168 
0.247654 
0.244051 
0.240359 
0.236578 
0.232708 
0.22875 
0.224705 
0.220572 
0.216351 
0.212045 
0.207652 
0.203173 
0.198609 
0.193961 
0.189228 
0.184412 
0.179513 
0.174532 
0.169469 
0.164326 
0.159103 
0.1538 
0.148419 
0.14296 
0.137425 
0.131814 
0.126127 
0.120367 
0.114534 
0.108629 
0.102654 
0.0966082 
0.0904939 
0.0843121 
0.078064 
0.0717506 
0.0653734 
0.0589334 
0.0524321 
0.0458706 
0.0392505 
0.0325729 
0.0258394 
0.0190513 
0.0122101 
0.00531738 
-0.00162549 
-0.00861691 
-0.0156553 
-0.0227392 
-0.0298668 
-0.0370366 
-0.0442469 
-0.0514961 
-0.0587823 
-0.0661039 
-0.073459 
-0.0808461 
-0.0882631 
-0.0957084 
-0.10318 
-0.110676 
-0.118195 
-0.125734 
-0.133292 
-0.140868 
-0.148457 
-0.15606 
-0.163674 
-0.171297 
-0.178927 
-0.186561 
-0.194198 
-0.201837 
-0.209473 
-0.217107 
-0.224735 
-0.232355 
-0.239966 
-0.247565 
-0.25515 
-0.26272 
-0.27027 
-0.277801 
-0.285309 
-0.292793 
-0.30025 
-0.307678 
-0.315075 
-0.322438 
-0.329767 
-0.337058 
-0.344309 
-0.351519 
-0.358685 
-0.365804 
-0.372876 
-0.379897 
-0.386866 
-0.39378 
-0.400638 
-0.407438 
-0.414176 
-0.420852 
-0.427463 
-0.434007 
-0.440482 
-0.446886 
-0.453218 
-0.459474 
-0.465654 
-0.471754 
-0.477775 
-0.483712 
-0.489565 
-0.495331 
-0.50101 
-0.506598 
-0.512094 
-0.517496 
-0.522803 
-0.528013 
-0.533123 
-0.538133 
-0.543041 
-0.547844 
-0.552542 
-0.557132 
-0.561614 
-0.565985 
-0.570243 
-0.574389 
-0.578419 
-0.582333 
-0.586129 
-0.589805 
-0.593361 
-0.596794 
-0.600104 
-0.603289 
-0.606348 
-0.60928 
-0.612083 
-0.614757 
-0.617299 
-0.61971 
-0.621987 
-0.62413 
-0.626138 
-0.628009 
-0.629743 
-0.631338 
-0.632795 
-0.634111 
-0.635286 
-0.636318 
-0.637208 
-0.637955 
-0.638557 
-0.639014 
-0.639325 
-0.639489 
-0.639507 
-0.639376 
-0.639097 
-0.638669 
-0.638091 
-0.637364 
-0.636486 
-0.635456 
-0.634276 
-0.632943 
-0.631458 
-0.629821 
-0.628031 
-0.626088 
-0.623991 
-0.621741 
-0.619337 
-0.616779 
-0.614068 
-0.611202 
-0.608182 
-0.605007 
-0.601679 
-0.598196 
-0.594559 
-0.590769 
-0.586824 
-0.582726 
-0.578474 
-0.574069 
-0.569511 
-0.564801 
-0.559938 
-0.554923 
-0.549756 
-0.544439 
-0.538971 
-0.533352 
-0.527584 
-0.521667 
-0.515602 
-0.509389 
-0.503029 
-0.496523 
-0.489871 
-0.483075 
-0.476135 
-0.469052 
-0.461827 
-0.45446 
-0.446954 
-0.439309 
-0.431526 
-0.423606 
-0.415551 
-0.407361 
-0.399039 
-0.390584 
-0.381999 
-0.373285 
-0.364444 
-0.355476 
-0.346384 
-0.337169 
-0.327832 
-0.318376 
-0.308801 
-0.29911 
-0.289305 
-0.279387 
-0.269358 
-0.25922 
-0.248975 
-0.238625 
-0.228173 
-0.217619 
-0.206967 
-0.196219 
-0.185376 
-0.174441 
-0.163416 
-0.152305 
-0.141108 
-0.129829 
-0.11847 
-0.107033 
-0.0955218 
-0.083938 
-0.0722846 
-0.0605642 
-0.0487795 
-0.0369333 
-0.0250283 
-0.0130675 
-0.00105355 
0.0110105 
0.0231219 
0.0352776 
0.0474745 
0.0597098 
0.0719804 
0.0842832 
0.0966152 
0.108973 
0.121354 
0.133755 
0.146172 
0.158602 
0.171043 
0.183491 
0.195942 
0.208394 
0.220843 
0.233286 
0.245719 
0.25814 
0.270545 
0.282931 
0.295294 
0.307631 
0.319939 
0.332215 
0.344455 
0.356656 
0.368815 
0.380928 
0.392992 
0.405004 
0.416961 
0.428859 
0.440696 
0.452468 
0.464171 
0.475804 
0.487362 
0.498842 
0.510242 
0.521559 
0.532788 
0.543929 
0.554976 
0.565928 
0.576781 
0.587534 
0.598181 
0.608722 
0.619153 
0.629472 
0.639675 
0.649761 
0.659726 
0.669567 
0.679284 
0.688871 
0.698328 
0.707653 
0.716841 
0.725892 
0.734802 
0.74357 
0.752193 
0.76067 
0.768997 
0.777173 
0.785196 
0.793064 
0.800775 
0.808326 
0.815717 
0.822944 
0.830007 
0.836904 
0.843632 
0.850191 
0.856578 
0.862792 
0.868831 
0.874695 
0.880381 
0.885887 
0.891214 
0.896358 
0.901319 
0.906097 
0.910688 
0.915093 
0.919309 
0.923337 
0.927174 
0.93082 
0.934274 
0.937535 
0.940601 
0.943472 
0.946147 
0.948626 
0.950906 
0.952989 
0.954872 
0.956555 
0.958037 
0.959318 
0.960398 
0.961274 
0.961948 
0.962418 
0.962684 
0.962746 
0.962602 
0.962253 
0.961698 
0.960937 
0.959969 
0.958794 
0.957412 
0.955823 
0.954026 
0.952022 
0.949809 
0.947388 
0.944759 
0.941921 
0.938875 
0.93562 
0.932157 
0.928486 
0.924606 
0.920518 
0.916221 
0.911717 
0.907004 
0.902084 
0.896956 
0.891621 
0.88608 
0.880331 
0.874376 
0.868216 
0.86185 
0.855279 
0.848503 
0.841523 
0.834341 
0.826955 
0.819367 
0.811577 
0.803587 
0.795397 
0.787008 
0.77842 
0.769634 
0.760653 
0.751475 
0.742103 
0.732538 
0.72278 
0.712831 
0.702692 
0.692364 
0.681849 
0.671148 
0.660262 
0.649193 
0.637942 
0.626511 
0.614902 
0.603117 
0.591156 
0.579022 
0.566717 
0.554242 
0.5416 
0.528793 
0.515823 
0.502692 
0.489402 
0.475956 
0.462356 
0.448605 
0.434704 
0.420657 
0.406466 
0.392134 
0.377664 
0.363058 
0.34832 
0.333452 
0.318457 
0.303339 
0.288101 
0.272746 
0.257277 
0.241698 
0.226011 
0.210222 
0.194332 
0.178346 
0.162268 
0.1461 
0.129847 
0.113513 
0.0971022 
0.0806173 
0.064063 
0.0474432 
0.030762 
0.0140236 
-0.00276788 
-0.0196083 
-0.0364933 
-0.0534187 
-0.0703801 
-0.0873732 
-0.104394 
-0.121437 
-0.138499 
-0.155575 
-0.17266 
-0.189751 
-0.206842 
-0.223929 
-0.241008 
-0.258074 
-0.275123 
-0.29215 
-0.30915 
-0.326119 
-0.343053 
-0.359947 
-0.376796 
-0.393597 
-0.410344 
-0.427034 
-0.443661 
-0.460223 
-0.476713 
-0.493128 
-0.509464 
-0.525716 
-0.541881 
-0.557954 
-0.573931 
-0.589808 
-0.605581 
-0.621245 
-0.636799 
-0.652236 
-0.667554 
-0.682749 
-0.697816 
-0.712754 
-0.727557 
-0.742223 
-0.756748 
-0.771128 
-0.785361 
-0.799444 
-0.813372 
-0.827143 
-0.840753 
-0.854201 
-0.867483 
-0.880596 
-0.893537 
-0.906304 
-0.918895 
-0.931305 
-0.943534 
-0.955579 
-0.967437 
-0.979105 
-0.990583 
-1.00187 
-1.01296 
-1.02385 
-1.03454 
-1.04503 
-1.05532 
-1.0654 
-1.07528 
-1.08494 
-1.0944 
-1.10365 
-1.11268 
-1.1215 
-1.13011 
-1.13849 
-1.14666 
-1.15461 
-1.16234 
-1.16984 
-1.17713 
-1.18419 
-1.19102 
-1.19763 
-1.20401 
-1.21017 
-1.21609 
-1.22179 
-1.22725 
-1.23249 
-1.2375 
-1.24227 
-1.24681 
-1.25111 
-1.25519 
-1.25902 
-1.26263 
-1.266 
-1.26913 
-1.27202 
-1.27468 
-1.2771 
-1.27929 
-1.28123 
-1.28294 
-1.28441 
-1.28564 
-1.28664 
-1.28739 
-1.2879 
-1.28818 
-1.28821 
-1.288 
-1.28755 
-1.28687 
-1.28594 
-1.28477 
-1.28336 
-1.28171 
-1.27981 
-1.27768 
-1.2753 
-1.27268 
-1.26982 
-1.26672 
-1.26338 
-1.2598 
-1.25597 
-1.2519 
-1.24759 
-1.24304 
-1.23824 
-1.23321 
-1.22793 
-1.22241 
-1.21665 
-1.21065 
-1.2044 
-1.19792 
-1.19119 
-1.18423 
-1.17702 
-1.16957 
-1.16188 
-1.15396 
-1.14579 
-1.13738 
-1.12874 
-1.11985 
-1.11073 
-1.10137 
-1.09177 
-1.08194 
-1.07187 
-1.06156 
-1.05102 
-1.04025 
-1.02924 
-1.018 
-1.00652 
-0.994821 
-0.982887 
-0.970724 
-0.958332 
-0.945714 
-0.93287 
-0.919801 
-0.906509 
-0.892995 
-0.87926 
-0.865306 
-0.851135 
-0.836747 
-0.822145 
-0.80733 
-0.792305 
-0.777071 
-0.76163 
-0.745984 
-0.730136 
-0.714088 
-0.697841 
-0.6814 
-0.664765 
-0.647939 
-0.630926 
-0.613729 
-0.596349 
-0.57879 
-0.561056 
-0.543149 
-0.525072 
-0.506829 
-0.488424 
-0.46986 
-0.45114 
-0.432269 
-0.41325 
-0.394087 
-0.374785 
-0.355347 
-0.335778 
-0.316081 
-0.296263 
-0.276326 
-0.256275 
-0.236116 
-0.215853 
-0.19549 
-0.175034 
-0.154488 
-0.133857 
-0.113148 
-0.0923643 
-0.0715122 
-0.0505967 
-0.0296232 
-0.0085972 
0.0124759 
0.0335907 
0.0547415 
0.0759227 
0.0971288 
0.118354 
0.139593 
0.16084 
0.182088 
0.203334 
0.22457 
0.245791 
0.266991 
0.288165 
0.309307 
0.330411 
0.351472 
0.372484 
0.393441 
0.414339 
0.43517 
0.455931 
0.476615 
0.497217 
0.517733 
0.538156 
0.558481 
0.578704 
0.598819 
0.618822 
0.638707 
0.65847 
0.678106 
0.69761 
0.716978 
0.736206 
0.755288 
0.774222 
0.793002 
0.811624 
0.830085 
0.848381 
0.866508 
0.884462 
0.90224 
0.919838 
0.937253 
0.954481 
0.97152 
0.988367 
1.00502 
1.02147 
1.03772 
1.05377 
1.06961 
1.08524 
1.10067 
1.11587 
1.13087 
1.14564 
1.1602 
1.17453 
1.18864 
1.20253 
1.21619 
1.22962 
1.24282 
1.2558 
1.26854 
1.28104 
1.29331 
1.30535 
1.31715 
1.32871 
1.34004 
1.35112 
1.36197 
1.37257 
1.38294 
1.39306 
1.40294 
1.41257 
1.42197 
1.43112 
1.44002 
1.44868 
1.4571 
1.46527 
1.4732 
1.48088 
1.48832 
1.49551 
1.50246 
1.50916 
1.51561 
1.52182 
1.52778 
1.5335 
1.53897 
1.5442 
1.54918 
1.55392 
1.55841 
1.56265 
1.56665 
1.57041 
1.57392 
1.57718 
1.5802 
1.58298 
1.58551 
1.5878 
1.58984 
1.59163 
1.59319 
1.5945 
1.59556 
1.59638 
1.59696 
1.59729 
1.59738 
1.59722 
1.59682 
1.59618 
1.59529 
1.59416 
1.59279 
1.59117 
1.5893 
1.5872 
1.58484 
1.58225 
1.57941 
1.57632 
1.57299 
1.56941 
1.56559 
1.56153 
1.55722 
1.55266 
1.54786 
1.54281 
1.53751 
1.53197 
1.52619 
1.52015 
1.51387 
1.50734 
1.50057 
1.49354 
1.48627 
1.47875 
1.47098 
1.46297 
1.4547 
1.44619 
1.43742 
1.42841 
1.41915 
1.40964 
1.39987 
1.38986 
1.3796 
1.36909 
1.35833 
1.34732 
1.33606 
1.32455 
1.31279 
1.30078 
1.28852 
1.27601 
1.26325 
1.25024 
1.23699 
1.22349 
1.20974 
1.19574 
1.1815 
1.16701 
1.15227 
1.1373 
1.12208 
1.10661 
1.09091 
1.07497 
1.05878 
1.04236 
1.02571 
1.00882 
0.991696 
0.974342 
0.956758 
0.938947 
0.92091 
0.90265 
0.884169 
0.865469 
0.846553 
0.827423 
0.808082 
0.788533 
0.768779 
0.748823 
0.728667 
0.708317 
0.687774 
0.667042 
0.646126 
0.625029 
0.603755 
0.582309 
0.560693 
0.538914 
0.516975 
0.494881 
0.472636 
0.450246 
0.427716 
0.40505 
0.382255 
0.359334 
0.336294 
0.313141 
0.289879 
0.266516 
0.243055 
0.219504 
0.195869 
0.172155 
0.148369 
0.124517 
0.100605 
0.07664 
0.0526281 
0.0285758 
0.00448971 
-0.0196237 
-0.0437579 
-0.0679062 
-0.092062 
-0.116219 
-0.14037 
-0.164508 
-0.188628 
-0.212722 
-0.236783 
-0.260806 
-0.284784 
-0.30871 
-0.332577 
-0.356381 
-0.380113 
-0.403768 
-0.42734 
-0.450822 
-0.474209 
-0.497495 
-0.520674 
-0.543739 
-0.566686 
-0.589509 
-0.612202 
-0.63476 
-0.657179 
-0.679452 
-0.701575 
-0.723542 
-0.745351 
-0.766994 
-0.788469 
-0.809772 
-0.830896 
-0.85184 
-0.872598 
-0.893167 
-0.913543 
-0.933723 
-0.953704 
-0.973481 
-0.993053 
-1.01242 
-1.03157 
-1.0505 
-1.06922 
-1.08772 
-1.106 
-1.12405 
-1.14188 
-1.15948 
-1.17685 
-1.19399 
-1.21089 
-1.22756 
-1.24399 
-1.26019 
-1.27614 
-1.29186 
-1.30733 
-1.32257 
-1.33756 
-1.3523 
-1.36681 
-1.38107 
-1.39508 
-1.40885 
-1.42237 
-1.43565 
-1.44868 
-1.46146 
-1.474 
-1.48629 
-1.49833 
-1.51013 
-1.52168 
-1.53298 
-1.54404 
-1.55485 
-1.56542 
-1.57574 
-1.58582 
-1.59565 
-1.60524 
-1.61459 
-1.62369 
-1.63255 
-1.64116 
-1.64954 
-1.65767 
-1.66556 
-1.67322 
-1.68063 
-1.68781 
-1.69474 
-1.70144 
-1.7079 
-1.71412 
-1.72011 
-1.72586 
-1.73138 
-1.73666 
-1.7417 
-1.74651 
-1.75109 
-1.75544 
-1.75955 
-1.76343 
-1.76708 
-1.7705 
-1.77369 
-1.77665 
-1.77937 
-1.78187 
-1.78414 
-1.78618 
-1.78799 
-1.78957 
-1.79092 
-1.79204 
-1.79294 
-1.7936 
-1.79404 
-1.79425 
-1.79424 
-1.79399 
-1.79352 
-1.79282 
-1.79189 
-1.79073 
-1.78935 
-1.78773 
-1.78589 
-1.78382 
-1.78152 
-1.77899 
-1.77623 
-1.77325 
-1.77003 
-1.76658 
-1.7629 
-1.75899 
-1.75485 
-1.75048 
-1.74587 
-1.74103 
-1.73596 
-1.73066 
-1.72512 
-1.71935 
-1.71334 
-1.70709 
-1.70061 
-1.6939 
-1.68694 
-1.67975 
-1.67232 
-1.66465 
-1.65674 
-1.64859 
-1.6402 
-1.63157 
-1.6227 
-1.61358 
-1.60422 
-1.59462 
-1.58477 
-1.57468 
-1.56435 
-1.55377 
-1.54294 
-1.53187 
-1.52055 
-1.50899 
-1.49718 
-1.48512 
-1.47281 
-1.46026 
-1.44745 
-1.4344 
-1.42111 
-1.40756 
-1.39377 
-1.37973 
-1.36544 
-1.3509 
-1.33612 
-1.3211 
-1.30582 
-1.2903 
-1.27454 
-1.25854 
-1.24229 
-1.2258 
-1.20907 
-1.1921 
-1.17489 
-1.15745 
-1.13977 
-1.12186 
-1.10371 
-1.08534 
-1.06674 
-1.04791 
-1.02886 
-1.00958 
-0.990094 
-0.970386 
-0.950466 
-0.930335 
-0.909996 
-0.889453 
-0.86871 
-0.847769 
-0.826634 
-0.805309 
-0.783797 
-0.762104 
-0.740232 
-0.718186 
-0.695971 
-0.673591 
-0.651052 
-0.628356 
-0.605511 
-0.58252 
-0.559389 
-0.536124 
-0.51273 
-0.489212 
-0.465576 
-0.441828 
-0.417974 
-0.394019 
-0.369971 
-0.345835 
-0.321617 
-0.297324 
-0.272963 
-0.248539 
-0.224059 
-0.19953 
-0.174959 
-0.150352 
-0.125717 
-0.101059 
-0.0763852 
-0.0517032 
-0.0270194 
-0.00234072 
0.0223262 
0.0469744 
0.0715972 
0.0961879 
0.12074 
0.145246 
0.1697 
0.194095 
0.218425 
0.242683 
0.266863 
0.290959 
0.314964 
0.338872 
0.362678 
0.386375 
0.409957 
0.433418 
0.456754 
0.479959 
0.503026 
0.525952 
0.54873 
0.571356 
0.593824 
0.616131 
0.638271 
0.660241 
0.682035 
0.703649 
0.725079 
0.746322 
0.767374 
0.78823 
0.808888 
0.829344 
0.849595 
0.869637 
0.889468 
0.909084 
0.928484 
0.947664 
0.966623 
0.985356 
1.00386 
1.02214 
1.04019 
1.05801 
1.07559 
1.09293 
1.11004 
1.12691 
1.14354 
1.15993 
1.17608 
1.19198 
1.20764 
1.22305 
1.23822 
1.25314 
1.26781 
1.28224 
1.29642 
1.31034 
1.32402 
1.33746 
1.35064 
1.36357 
1.37625 
1.38868 
1.40086 
1.4128 
1.42448 
1.43591 
1.4471 
1.45803 
1.46872 
1.47915 
1.48934 
1.49928 
1.50897 
1.51842 
1.52762 
1.53657 
1.54527 
1.55373 
1.56194 
1.5699 
1.57763 
1.5851 
1.59233 
1.59932 
1.60607 
1.61257 
1.61883 
1.62485 
1.63062 
1.63615 
1.64145 
1.6465 
1.65131 
1.65588 
1.66021 
1.6643 
1.66815 
1.67176 
1.67513 
1.67827 
1.68116 
1.68382 
1.68624 
1.68842 
1.69036 
1.69206 
1.69353 
1.69476 
1.69575 
1.69651 
1.69702 
1.6973 
1.69734 
1.69714 
1.69671 
1.69604 
1.69513 
1.69398 
1.69259 
1.69096 
1.6891 
1.687 
1.68466 
1.68208 
1.67925 
1.67619 
1.67289 
1.66935 
1.66557 
1.66155 
1.65729 
1.65279 
1.64804 
1.64306 
1.63783 
1.63236 
1.62664 
1.62069 
1.61449 
1.60804 
1.60135 
1.59442 
1.58725 
1.57983 
1.57216 
1.56425 
1.55609 
1.54769 
1.53905 
1.53016 
1.52102 
1.51164 
1.50201 
1.49213 
1.48201 
1.47165 
1.46104 
1.45018 
1.43908 
1.42773 
1.41614 
1.40431 
1.39223 
1.37991 
1.36735 
1.35455 
1.3415 
1.32821 
1.31469 
1.30092 
1.28692 
1.27268 
1.25821 
1.2435 
1.22856 
1.21339 
1.19799 
1.18236 
1.16651 
1.15043 
1.13413 
1.1176 
1.10086 
1.0839 
1.06673 
1.04935 
1.03176 
1.01396 
0.995958 
0.977757 
0.959358 
0.940764 
0.92198 
0.903008 
0.883852 
0.864516 
0.845003 
0.825317 
0.805462 
0.785442 
0.765262 
0.744925 
0.724437 
0.703801 
0.683022 
0.662105 
0.641056 
0.619878 
0.598576 
0.577157 
0.555625 
0.533985 
0.512244 
0.490406 
0.468476 
0.446461 
0.424367 
0.402198 
0.379962 
0.357663 
0.335307 
0.312901 
0.290451 
0.267962 
0.245441 
0.222894 
0.200327 
0.177745 
0.155156 
0.132565 
0.109978 
0.087402 
0.0648423 
0.0423053 
0.0197969 
-0.00267681 
-0.0251098 
-0.0474961 
-0.0698299 
-0.0921053 
-0.114317 
-0.136458 
-0.158523 
-0.180508 
-0.202406 
-0.224211 
-0.245919 
-0.267524 
-0.289021 
-0.310405 
-0.33167 
-0.352812 
-0.373826 
-0.394708 
-0.415452 
-0.436054 
-0.45651 
-0.476815 
-0.496965 
-0.516956 
-0.536784 
-0.556445 
-0.575935 
-0.595251 
-0.61439 
-0.633346 
-0.652118 
-0.670702 
-0.689095 
-0.707294 
-0.725296 
-0.743099 
-0.760698 
-0.778093 
-0.79528 
-0.812257 
-0.829022 
-0.845573 
-0.861907 
-0.878022 
-0.893917 
-0.90959 
-0.925039 
-0.940262 
-0.955258 
-0.970026 
-0.984563 
-0.998869 
-1.01294 
-1.02678 
-1.04039 
-1.05375 
-1.06688 
-1.07978 
-1.09243 
-1.10485 
-1.11702 
-1.12896 
-1.14065 
-1.1521 
-1.1633 
-1.17427 
-1.18499 
-1.19546 
-1.20569 
-1.21568 
-1.22542 
-1.23491 
-1.24416 
-1.25316 
-1.26192 
-1.27043 
-1.27869 
-1.28671 
-1.29447 
-1.302 
-1.30927 
-1.3163 
-1.32308 
-1.32961 
-1.3359 
-1.34194 
-1.34773 
-1.35328 
-1.35857 
-1.36362 
-1.36843 
-1.37298 
-1.37729 
-1.38135 
-1.38517 
-1.38873 
-1.39205 
-1.39513 
-1.39796 
-1.40054 
-1.40287 
-1.40496 
-1.4068 
-1.40839 
-1.40974 
-1.41085 
-1.4117 
-1.41231 
-1.41268 
-1.4128 
-1.41267 
-1.4123 
-1.41168 
-1.41082 
-1.40971 
-1.40835 
-1.40676 
-1.40491 
-1.40283 
-1.40049 
-1.39792 
-1.3951 
-1.39203 
-1.38872 
-1.38517 
-1.38138 
-1.37734 
-1.37306 
-1.36854 
-1.36378 
-1.35877 
-1.35352 
-1.34804 
-1.34231 
-1.33634 
-1.33013 
-1.32369 
-1.317 
-1.31008 
-1.30292 
-1.29552 
-1.28789 
-1.28002 
-1.27192 
-1.26359 
-1.25502 
-1.24622 
-1.23719 
-1.22793 
-1.21844 
-1.20872 
-1.19878 
-1.18861 
-1.17822 
-1.16761 
-1.15677 
-1.14571 
-1.13444 
-1.12295 
-1.11124 
-1.09932 
-1.08719 
-1.07485 
-1.06231 
-1.04955 
-1.0366 
-1.02344 
-1.01008 
-0.996529 
-0.982781 
-0.968842 
-0.954713 
-0.940397 
-0.925898 
-0.911217 
-0.896358 
-0.881324 
-0.866118 
-0.850742 
-0.835201 
-0.819497 
-0.803634 
-0.787615 
-0.771444 
-0.755124 
-0.738659 
-0.722053 
-0.70531 
-0.688433 
-0.671427 
-0.654295 
-0.637043 
-0.619672 
-0.602189 
-0.584598 
-0.566902 
-0.549107 
-0.531216 
-0.513235 
-0.495167 
-0.477018 
-0.458792 
-0.440494 
-0.422129 
-0.403701 
-0.385216 
-0.366678 
-0.348092 
-0.329463 
-0.310796 
-0.292096 
-0.273367 
-0.254616 
-0.235847 
-0.217064 
-0.198273 
-0.179479 
-0.160687 
-0.141902 
-0.123128 
-0.104371 
-0.0856358 
-0.066927 
-0.0482496 
-0.0296083 
-0.0110081 
0.00754625 
0.0260501 
0.0444988 
0.0628876 
0.0812119 
0.0994672 
0.117649 
0.135753 
0.153774 
0.171709 
0.189553 
0.207302 
0.224951 
0.242498 
0.259936 
0.277264 
0.294476 
0.31157 
0.32854 
0.345385 
0.362099 
0.37868 
0.395125 
0.411429 
0.427589 
0.443603 
0.459468 
0.475179 
0.490735 
0.506132 
0.521368 
0.53644 
0.551345 
0.56608 
0.580643 
0.595033 
0.609245 
0.623279 
0.637131 
0.6508 
0.664284 
0.67758 
0.690687 
0.703603 
0.716326 
0.728854 
0.741186 
0.753319 
0.765254 
0.776987 
0.788518 
0.799845 
0.810967 
0.821882 
0.83259 
0.843089 
0.853379 
0.863457 
0.873324 
0.882978 
0.892418 
0.901644 
0.910654 
0.919448 
0.928025 
0.936385 
0.944526 
0.952448 
0.960151 
0.967634 
0.974896 
0.981938 
0.988758 
0.995356 
1.00173 
1.00789 
1.01382 
1.01952 
1.02501 
1.03027 
1.0353 
1.04012 
1.0447 
1.04907 
1.05321 
1.05712 
1.06081 
1.06428 
1.06752 
1.07054 
1.07333 
1.0759 
1.07824 
1.08036 
1.08226 
1.08393 
1.08537 
1.0866 
1.0876 
1.08838 
1.08893 
1.08926 
1.08937 
1.08926 
1.08893 
1.08837 
1.0876 
1.0866 
1.08539 
1.08395 
1.0823 
1.08043 
1.07834 
1.07603 
1.07351 
1.07077 
1.06782 
1.06465 
1.06127 
1.05767 
1.05387 
1.04985 
1.04562 
1.04119 
1.03654 
1.03169 
1.02663 
1.02137 
1.0159 
1.01023 
1.00435 
0.998281 
0.992009 
0.985539 
0.978872 
0.972009 
0.964953 
0.957705 
0.950266 
0.942638 
0.934823 
0.926821 
0.918636 
0.910268 
0.90172 
0.892993 
0.884089 
0.875011 
0.86576 
0.856338 
0.846748 
0.836992 
0.827071 
0.816989 
0.806747 
0.796348 
0.785794 
0.775088 
0.764232 
0.75323 
0.742083 
0.730794 
0.719366 
0.707802 
0.696104 
0.684276 
0.67232 
0.66024 
0.648038 
0.635718 
0.623282 
0.610734 
0.598076 
0.585313 
0.572448 
0.559483 
0.546423 
0.533269 
0.520027 
0.5067 
0.49329 
0.479801 
0.466238 
0.452603 
0.4389 
0.425133 
0.411305 
0.397421 
0.383483 
0.369496 
0.355463 
0.341388 
0.327274 
0.313126 
0.298947 
0.284741 
0.270512 
0.256264 
0.241999 
0.227723 
0.213438 
0.199149 
0.18486 
0.170573 
0.156293 
0.142024 
0.127768 
0.113531 
0.099315 
0.0851242 
0.0709621 
0.0568323 
0.0427384 
0.0286839 
0.0146724 
0.000707204 
-0.0132081 
-0.0270702 
-0.0408758 
-0.0546213 
-0.0683037 
-0.0819195 
-0.0954657 
-0.108939 
-0.122336 
-0.135655 
-0.148891 
-0.162042 
-0.175105 
-0.188076 
-0.200955 
-0.213736 
-0.226418 
-0.238998 
-0.251473 
-0.263841 
-0.276099 
-0.288244 
-0.300275 
-0.312188 
-0.323982 
-0.335654 
-0.347201 
-0.358622 
-0.369915 
-0.381077 
-0.392106 
-0.403001 
-0.413759 
-0.424379 
-0.434858 
-0.445195 
-0.455389 
-0.465436 
-0.475337 
-0.485089 
-0.494691 
-0.504141 
-0.513438 
-0.52258 
-0.531566 
-0.540395 
-0.549066 
-0.557576 
-0.565926 
-0.574114 
-0.582139 
-0.59 
-0.597696 
-0.605226 
-0.612589 
-0.619784 
-0.626811 
-0.633668 
-0.640355 
-0.646872 
-0.653217 
-0.65939 
-0.66539 
-0.671217 
-0.67687 
-0.682349 
-0.687654 
-0.692783 
-0.697737 
-0.702516 
-0.707118 
-0.711544 
-0.715794 
-0.719867 
-0.723763 
-0.727482 
-0.731024 
-0.734389 
-0.737577 
-0.740588 
-0.743421 
-0.746078 
-0.748557 
-0.75086 
-0.752986 
-0.754936 
-0.756709 
-0.758306 
-0.759728 
-0.760974 
-0.762045 
-0.762942 
-0.763664 
-0.764212 
-0.764587 
-0.764789 
-0.764819 
-0.764677 
-0.764364 
-0.76388 
-0.763226 
-0.762403 
-0.761412 
-0.760252 
-0.758926 
-0.757433 
-0.755775 
-0.753953 
-0.751967 
-0.749818 
-0.747507 
-0.745036 
-0.742405 
-0.739616 
-0.736668 
-0.733565 
-0.730306 
-0.726893 
-0.723327 
-0.71961 
-0.715742 
-0.711725 
-0.70756 
-0.703249 
-0.698793 
-0.694194 
-0.689453 
-0.684571 
-0.679551 
-0.674393 
-0.669099 
-0.663671 
-0.658111 
-0.652419 
-0.646599 
-0.640652 
-0.634579 
-0.628383 
-0.622064 
-0.615626 
-0.60907 
-0.602398 
-0.595612 
-0.588713 
-0.581705 
-0.574589 
-0.567367 
-0.560041 
-0.552613 
-0.545086 
-0.537462 
-0.529743 
-0.52193 
-0.514028 
-0.506037 
-0.49796 
-0.489799 
-0.481557 
-0.473237 
-0.46484 
-0.456368 
-0.447825 
-0.439213 
-0.430534 
-0.421791 
-0.412986 
-0.404122 
-0.3952 
-0.386225 
-0.377198 
-0.368122 
-0.358999 
-0.349832 
-0.340623 
-0.331376 
-0.322092 
-0.312775 
-0.303426 
-0.294049 
-0.284646 
-0.275219 
-0.265772 
-0.256306 
-0.246825 
-0.23733 
-0.227825 
-0.218312 
-0.208793 
-0.199272 
-0.18975 
-0.18023 
-0.170715 
-0.161208 
-0.151709 
-0.142223 
-0.132752 
-0.123297 
-0.113862 
-0.104448 
-0.0950591 
-0.0856963 
-0.0763623 
-0.0670596 
-0.0577902 
-0.0485566 
-0.039361 
-0.0302055 
-0.0210924 
-0.0120239 
-0.00300198 
0.00597111 
0.0148933 
0.0237626 
0.032577 
0.0413343 
0.0500328 
0.0586704 
0.0672453 
0.0757555 
0.0841993 
0.0925748 
0.10088 
0.109114 
0.117274 
0.125359 
0.133367 
0.141297 
0.149146 
0.156914 
0.164599 
0.1722 
0.179715 
0.187142 
0.19448 
0.201729 
0.208886 
0.21595 
0.22292 
0.229796 
0.236575 
0.243257 
0.249841 
0.256325 
0.262708 
0.268991 
0.27517 
0.281247 
0.287219 
0.293086 
0.298848 
0.304502 
0.31005 
0.315489 
0.320819 
0.326041 
0.331152 
0.336152 
0.341042 
0.34582 
0.350485 
0.355039 
0.359479 
0.363806 
0.368019 
0.372119 
0.376104 
0.379974 
0.38373 
0.387371 
0.390896 
0.394307 
0.397602 
0.400781 
0.403846 
0.406794 
0.409628 
0.412346 
0.414948 
0.417435 
0.419808 
0.422065 
0.424207 
0.426235 
0.428149 
0.429949 
0.431634 
0.433207 
0.434666 
0.436013 
0.437247 
0.43837 
0.439381 
0.440281 
0.441071 
0.441751 
0.442321 
0.442783 
0.443137 
0.443383 
0.443522 
0.443555 
0.443482 
0.443305 
0.443023 
0.442639 
0.442152 
0.441563 
0.440873 
0.440084 
0.439195 
0.438208 
0.437124 
0.435944 
0.434668 
0.433298 
0.431834 
0.430278 
0.428631 
0.426894 
0.425067 
0.423153 
0.421151 
0.419064 
0.416892 
0.414637 
0.412299 
0.409881 
0.407382 
0.404805 
0.402151 
0.399421 
0.396615 
0.393737 
0.390786 
0.387765 
0.384673 
0.381514 
0.378288 
0.374997 
0.371642 
0.368224 
0.364745 
0.361206 
0.357609 
0.353955 
0.350246 
0.346483 
0.342667 
0.3388 
0.334884 
0.33092 
0.326909 
0.322853 
0.318754 
0.314613 
0.310431 
0.30621 
0.301952 
0.297658 
0.293329 
0.288967 
0.284575 
0.280152 
0.275701 
0.271223 
0.26672 
0.262193 
0.257644 
0.253074 
0.248485 
0.243878 
0.239256 
0.234618 
0.229967 
0.225305 
0.220632 
0.215951 
0.211262 
0.206567 
0.201868 
0.197166 
0.192462 
0.187758 
0.183056 
0.178356 
0.17366 
0.16897 
0.164286 
0.159611 
0.154945 
0.150289 
0.145646 
0.141016 
0.136401 
0.131801 
0.127218 
0.122654 
0.11811 
0.113586 
0.109084 
0.104604 
0.10015 
0.0957198 
0.0913164 
0.0869405 
0.0825931 
0.0782751 
0.0739877 
0.0697318 
0.0655085 
0.0613185 
0.057163 
0.0530427 
0.0489587 
0.0449117 
0.0409026 
0.0369322 
0.0330013 
0.0291108 
0.0252613 
0.0214536 
0.0176884 
0.0139664 
0.0102883 
0.00665467 
0.00306618 
-0.000476579 
-0.00397304 
-0.00742265 
-0.0108249 
-0.0141792 
-0.0174852 
-0.0207424 
-0.0239503 
-0.0271086 
-0.0302168 
-0.0332746 
-0.0362816 
-0.0392376 
-0.0421422 
-0.0449951 
-0.0477962 
-0.0505451 
-0.0532417 
-0.0558859 
-0.0584773 
-0.061016 
-0.0635018 
-0.0659346 
-0.0683143 
-0.0706409 
-0.0729144 
-0.0751347 
-0.0773019 
-0.0794161 
-0.0814772 
-0.0834854 
-0.0854408 
-0.0873435 
-0.0891936 
-0.0909914 
-0.0927369 
-0.0944304 
-0.0960722 
-0.0976624 
-0.0992013 
-0.100689 
-0.102127 
-0.103513 
-0.10485 
-0.106138 
-0.107375 
-0.108564 
-0.109705 
-0.110797 
-0.111842 
-0.11284 
-0.113791 
-0.114696 
-0.115555 
-0.116369 
-0.117138 
-0.117863 
-0.118545 
-0.119183 
-0.11978 
-0.120334 
-0.120848 
-0.121321 
-0.121754 
-0.122148 
-0.122503 
-0.122821 
-0.123101 
-0.123345 
-0.123553 
-0.123726 
-0.123865 
-0.123971 
-0.124043 
-0.124084 
-0.124093 
-0.124072 
-0.124021 
-0.123941 
-0.123833 
-0.123698 
-0.123536 
-0.123348 
-0.123136 
-0.122899 
-0.12264 
-0.122358 
-0.122054 
-0.121729 
-0.121385 
-0.121022 
-0.12064 
-0.120241 
-0.119826 
-0.119395 
-0.118949 
-0.118489 
-0.118016 
-0.117531 
-0.117035 
-0.116528 
-0.116011 
-0.115485 
-0.114951 
-0.114411 
-0.113864 
-0.113311 
-0.112753 
-0.112192 
-0.111628 
-0.111062 
-0.110494 
-0.109925 
-0.109357 
-0.108789 
-0.108224 
-0.107661 
-0.107101 
-0.106545 
-0.105994 
-0.105449 
-0.10491 
-0.104378 
-0.103853 
-0.103338 
-0.102831 
-0.102334 
-0.101847 
-0.101372 
-0.100908 
-0.100457 
-0.100019 
-0.0995944 
-0.0991841 
-0.0987888 
-0.0984088 
-0.0980449 
-0.0976975 
-0.0973671 
-0.0970543 
-0.0967597 
-0.0964836 
-0.0962266 
-0.095989 
-0.0957715 
-0.0955743 
-0.0953979 
-0.0952428 
-0.0951092 
-0.0949976 
-0.0949082 
-0.0948415 
-0.0947977 
-0.0947772 
-0.0947801 
-0.0948069 
-0.0948577 
-0.0949327 
-0.0950322 
-0.0951563 
-0.0953053 
-0.0954793 
-0.0956784 
-0.0959027 
-0.0961524 
-0.0964276 
-0.0967282 
-0.0970544 
-0.0974062 
-0.0977835 
-0.0981865 
-0.0986149 
-0.0990689 
-0.0995484 
-0.100053 
-0.100583 
-0.101138 
-0.101719 
-0.102324 
-0.102954 
-0.103608 
-0.104286 
-0.104989 
-0.105715 
-0.106465 
-0.107238 
-0.108034 
-0.108853 
-0.109694 
-0.110557 
-0.111442 
-0.112347 
-0.113274 
-0.114221 
-0.115188 
-0.116174 
-0.117179 
-0.118203 
-0.119244 
-0.120304 
-0.12138 
-0.122472 
-0.123581 
-0.124704 
-0.125842 
-0.126995 
-0.12816 
-0.129339 
-0.130529 
-0.131731 
-0.132944 
-0.134166 
-0.135398 
-0.136639 
-0.137888 
-0.139144 
-0.140406 
-0.141674 
-0.142946 
-0.144223 
-0.145503 
-0.146785 
-0.14807 
-0.149355 
-0.150639 
-0.151923 
-0.153206 
-0.154486 
-0.155762 
-0.157034 
-0.1583 
-0.159561 
-0.160815 
-0.16206 
-0.163297 
-0.164524 
-0.165741 
-0.166946 
-0.168138 
-0.169317 
-0.170482 
-0.171631 
-0.172765 
-0.173881 
-0.174978 
-0.176057 
-0.177116 
-0.178154 
-0.17917 
-0.180163 
-0.181132 
-0.182077 
-0.182996 
-0.183888 
-0.184753 
-0.185589 
-0.186396 
-0.187173 
-0.187918 
-0.188631 
-0.189311 
-0.189957 
-0.190569 
-0.191144 
-0.191683 
-0.192184 
-0.192647 
-0.19307 
-0.193453 
-0.193796 
-0.194096 
-0.194354 
-0.194568 
-0.194737 
-0.194862 
-0.19494 
-0.194972 
-0.194957 
-0.194893 
-0.19478 
-0.194617 
-0.194403 
-0.194139 
-0.193822 
-0.193453 
-0.193031 
-0.192555 
-0.192024 
-0.191438 
-0.190796 
-0.190097 
-0.189342 
-0.188529 
-0.187658 
-0.186728 
-0.185739 
-0.18469 
-0.183581 
-0.182411 
-0.181181 
-0.179888 
-0.178534 
-0.177118 
-0.175638 
-0.174096 
-0.17249 
-0.170821 
-0.169088 
-0.16729 
-0.165428 
-0.163501 
-0.161509 
-0.159452 
-0.15733 
-0.155142 
-0.152888 
-0.150569 
-0.148184 
-0.145734 
-0.143217 
-0.140635 
-0.137986 
-0.135272 
-0.132493 
-0.129647 
-0.126736 
-0.123759 
-0.120718 
-0.117611 
-0.114439 
-0.111202 
-0.107902 
-0.104537 
-0.101108 
-0.0976156 
-0.0940601 
-0.090442 
-0.0867614 
-0.083019 
-0.079215 
-0.0753501 
-0.0714247 
-0.0674394 
-0.0633946 
-0.0592911 
-0.0551294 
-0.0509101 
-0.0466339 
-0.0423015 
-0.0379135 
-0.0334709 
-0.0289742 
-0.0244243 
-0.0198219 
-0.0151681 
-0.0104635 
-0.00570908 
-0.000905775 
0.00394549 
0.00884377 
0.0137881 
0.0187773 
0.0238106 
0.0288868 
0.0340048 
0.0391635 
0.0443619 
0.0495986 
0.0548727 
0.0601828 
0.0655277 
0.0709063 
0.0763172 
0.0817592 
0.0872309 
0.0927311 
0.0982584 
0.103811 
0.109389 
0.114989 
0.120611 
0.126253 
0.131913 
0.137591 
0.143284 
0.148991 
0.154712 
0.160443 
0.166183 
0.171932 
0.177687 
0.183447 
0.18921 
0.194974 
0.200738 
0.206501 
0.21226 
0.218015 
0.223762 
0.229501 
0.23523 
0.240947 
0.246651 
0.25234 
0.258011 
0.263664 
0.269297 
0.274907 
0.280494 
0.286055 
0.291589 
0.297093 
0.302567 
0.308008 
0.313415 
0.318786 
0.32412 
0.329413 
0.334666 
0.339876 
0.34504 
0.350159 
0.355229 
0.36025 
0.365219 
0.370134 
0.374995 
0.379799 
0.384545 
0.389231 
0.393855 
0.398416 
0.402913 
0.407342 
0.411704 
0.415996 
0.420217 
0.424365 
0.428438 
0.432436 
0.436356 
0.440197 
0.443958 
0.447637 
0.451232 
0.454742 
0.458167 
0.461503 
0.464751 
0.467908 
0.470973 
0.473945 
0.476823 
0.479604 
0.482289 
0.484876 
0.487363 
0.48975 
0.492034 
0.494215 
0.496293 
0.498264 
0.50013 
0.501888 
0.503537 
0.505077 
0.506506 
0.507823 
0.509028 
0.510119 
0.511096 
0.511958 
0.512703 
0.513331 
0.513842 
0.514234 
0.514506 
0.514658 
0.51469 
0.5146 
0.514388 
0.514052 
0.513594 
0.513011 
0.512304 
0.511472 
0.510514 
0.50943 
0.508219 
0.506882 
0.505417 
0.503824 
0.502104 
0.500255 
0.498277 
0.496171 
0.493935 
0.49157 
0.489076 
0.486452 
0.483698 
0.480815 
0.477802 
0.474658 
0.471386 
0.467983 
0.464451 
0.460789 
0.456997 
0.453077 
0.449027 
0.444848 
0.440541 
0.436106 
0.431542 
0.426852 
0.422034 
0.417089 
0.412018 
0.406821 
0.401499 
0.396053 
0.390482 
0.384788 
0.378971 
0.373032 
0.366972 
0.360792 
0.354491 
0.348072 
0.341535 
0.334881 
0.328111 
0.321226 
0.314227 
0.307115 
0.299892 
0.292557 
0.285113 
0.277561 
0.269902 
0.262138 
0.254268 
0.246296 
0.238223 
0.230049 
0.221777 
0.213408 
0.204943 
0.196385 
0.187734 
0.178992 
0.170162 
0.161245 
0.152243 
0.143157 
0.133989 
0.124742 
0.115418 
0.106017 
0.096543 
0.0869972 
0.0773819 
0.0676991 
0.0579511 
0.04814 
0.038268 
0.0283375 
0.0183506 
0.00830968 
-0.00178284 
-0.0119246 
-0.0221133 
-0.0323464 
-0.0426214 
-0.0529359 
-0.0632873 
-0.0736732 
-0.0840908 
-0.0945378 
-0.105011 
-0.115509 
-0.126028 
-0.136565 
-0.147119 
-0.157685 
-0.168263 
-0.178848 
-0.189438 
-0.20003 
-0.210622 
-0.22121 
-0.231792 
-0.242366 
-0.252927 
-0.263474 
-0.274004 
-0.284513 
-0.294999 
-0.305459 
-0.315891 
-0.32629 
-0.336655 
-0.346983 
-0.357271 
-0.367516 
-0.377715 
-0.387865 
-0.397964 
-0.408009 
-0.417997 
-0.427925 
-0.437791 
-0.447592 
-0.457324 
-0.466986 
-0.476575 
-0.486087 
-0.495521 
-0.504874 
-0.514143 
-0.523325 
-0.532418 
-0.54142 
-0.550328 
-0.559139 
-0.567851 
-0.576462 
-0.584969 
-0.593369 
-0.601662 
-0.609843 
-0.617911 
-0.625864 
-0.633699 
-0.641415 
-0.649008 
-0.656478 
-0.663821 
-0.671036 
-0.678121 
-0.685073 
-0.691892 
-0.698574 
-0.705118 
-0.711523 
-0.717786 
-0.723905 
-0.72988 
-0.735707 
-0.741386 
-0.746915 
-0.752292 
-0.757516 
-0.762585 
-0.767498 
-0.772252 
-0.776848 
-0.781283 
-0.785556 
-0.789666 
-0.793611 
-0.797391 
-0.801003 
-0.804447 
-0.807722 
-0.810827 
-0.81376 
-0.81652 
-0.819107 
-0.82152 
-0.823756 
-0.825817 
-0.8277 
-0.829405 
-0.830931 
-0.832278 
-0.833444 
-0.834428 
-0.835231 
-0.835852 
-0.836289 
-0.836542 
-0.836611 
-0.836496 
-0.836195 
-0.835708 
-0.835034 
-0.834175 
-0.833128 
-0.831893 
-0.830471 
-0.828861 
-0.827063 
-0.825076 
-0.8229 
-0.820535 
-0.817982 
-0.815239 
-0.812307 
-0.809186 
-0.805875 
-0.802375 
-0.798686 
-0.794808 
-0.79074 
-0.786484 
-0.782039 
-0.777405 
-0.772584 
-0.767574 
-0.762376 
-0.756991 
-0.751419 
-0.74566 
-0.739715 
-0.733585 
-0.727269 
-0.720769 
-0.714084 
-0.707217 
-0.700166 
-0.692934 
-0.68552 
-0.677926 
-0.670152 
-0.662199 
-0.654069 
-0.645761 
-0.637278 
-0.62862 
-0.619788 
-0.610783 
-0.601607 
-0.592261 
-0.582746 
-0.573063 
-0.563214 
-0.553201 
-0.543024 
-0.532685 
-0.522186 
-0.511528 
-0.500714 
-0.489744 
-0.478621 
-0.467346 
-0.455922 
-0.44435 
-0.432632 
-0.420771 
-0.408768 
-0.396626 
-0.384347 
-0.371933 
-0.359386 
-0.34671 
-0.333906 
-0.320977 
-0.307925 
-0.294753 
-0.281464 
-0.268061 
-0.254546 
-0.240923 
-0.227193 
-0.21336 
-0.199428 
-0.185399 
-0.171275 
-0.157062 
-0.142761 
-0.128376 
-0.11391 
-0.0993664 
-0.0847492 
-0.0700614 
-0.0553066 
-0.0404883 
-0.0256102 
-0.0106758 
0.00431119 
0.019347 
0.034428 
0.0495504 
0.0647103 
0.079904 
0.0951275 
0.110377 
0.125649 
0.140938 
0.156242 
0.171556 
0.186877 
0.202199 
0.21752 
0.232835 
0.24814 
0.263431 
0.278704 
0.293955 
0.30918 
0.324375 
0.339536 
0.354659 
0.36974 
0.384775 
0.399759 
0.41469 
0.429562 
0.444373 
0.459118 
0.473793 
0.488394 
0.502919 
0.517361 
0.53172 
0.545989 
0.560166 
0.574247 
0.588229 
0.602107 
0.615879 
0.62954 
0.643088 
0.656519 
0.66983 
0.683017 
0.696077 
0.709008 
0.721805 
0.734466 
0.746987 
0.759366 
0.771601 
0.783687 
0.795622 
0.807403 
0.819029 
0.830495 
0.8418 
0.852941 
0.863915 
0.87472 
0.885354 
0.895815 
0.9061 
0.916206 
0.926133 
0.935877 
0.945437 
0.954811 
0.963996 
0.972992 
0.981796 
0.990407 
0.998822 
1.00704 
1.01506 
1.02288 
1.0305 
1.03791 
1.04513 
1.05213 
1.05893 
1.06552 
1.0719 
1.07807 
1.08403 
1.08977 
1.09531 
1.10062 
1.10572 
1.11061 
1.11527 
1.11972 
1.12395 
1.12796 
1.13174 
1.13531 
1.13865 
1.14177 
1.14466 
1.14734 
1.14978 
1.152 
1.154 
1.15577 
1.15731 
1.15862 
1.15971 
1.16056 
1.16119 
1.16159 
1.16176 
1.1617 
1.16141 
1.16089 
1.16014 
1.15916 
1.15795 
1.15651 
1.15483 
1.15293 
1.15079 
1.14842 
1.14582 
1.14299 
1.13992 
1.13662 
1.13309 
1.12933 
1.12534 
1.12111 
1.11666 
1.11197 
1.10705 
1.10189 
1.09651 
1.09089 
1.08505 
1.07897 
1.07266 
1.06612 
1.05935 
1.05235 
1.04513 
1.03767 
1.02998 
1.02207 
1.01393 
1.00556 
0.996965 
0.988144 
0.979097 
0.969825 
0.96033 
0.950611 
0.940669 
0.930506 
0.920122 
0.909518 
0.898695 
0.887654 
0.876396 
0.864923 
0.853235 
0.841333 
0.82922 
0.816896 
0.804362 
0.791621 
0.778673 
0.765521 
0.752166 
0.73861 
0.724854 
0.7109 
0.696751 
0.682408 
0.667874 
0.65315 
0.638239 
0.623144 
0.607865 
0.592407 
0.576772 
0.560962 
0.54498 
0.528828 
0.512511 
0.49603 
0.479388 
0.46259 
0.445637 
0.428534 
0.411284 
0.39389 
0.376356 
0.358685 
0.340881 
0.322949 
0.304891 
0.286712 
0.268416 
0.250007 
0.231489 
0.212867 
0.194144 
0.175326 
0.156416 
0.13742 
0.118341 
0.0991851 
0.0799564 
0.0606597 
0.0412999 
0.0218819 
0.00241071 
-0.0171088 
-0.0366715 
-0.0562724 
-0.0759063 
-0.0955682 
-0.115253 
-0.134955 
-0.154669 
-0.174391 
-0.194115 
-0.213835 
-0.233546 
-0.253244 
-0.272922 
-0.292577 
-0.312201 
-0.331791 
-0.35134 
-0.370844 
-0.390298 
-0.409696 
-0.429034 
-0.448306 
-0.467507 
-0.486632 
-0.505677 
-0.524636 
-0.543504 
-0.562277 
-0.58095 
-0.599519 
-0.617978 
-0.636324 
-0.654551 
-0.672656 
-0.690634 
-0.70848 
-0.726191 
-0.743763 
-0.761191 
-0.778471 
-0.795601 
-0.812575 
-0.82939 
-0.846044 
-0.862531 
-0.878849 
-0.894995 
-0.910964 
-0.926755 
-0.942364 
-0.957788 
-0.973023 
-0.988069 
-1.00292 
-1.01758 
-1.03203 
-1.04629 
-1.06034 
-1.07419 
-1.08783 
-1.10126 
-1.11448 
-1.12748 
-1.14027 
-1.15284 
-1.16519 
-1.17732 
-1.18923 
-1.20091 
-1.21237 
-1.2236 
-1.23461 
-1.24538 
-1.25592 
-1.26624 
-1.27632 
-1.28616 
-1.29577 
-1.30515 
-1.31429 
-1.32319 
-1.33186 
-1.34028 
-1.34847 
-1.35642 
-1.36413 
-1.37159 
-1.37882 
-1.3858 
-1.39254 
-1.39904 
-1.4053 
-1.41131 
-1.41708 
-1.42261 
-1.42789 
-1.43293 
-1.43772 
-1.44227 
-1.44657 
-1.45063 
-1.45444 
-1.45801 
-1.46133 
-1.46441 
-1.46724 
-1.46982 
-1.47216 
-1.47426 
-1.4761 
-1.47771 
-1.47906 
-1.48017 
-1.48103 
-1.48165 
-1.48202 
-1.48214 
-1.48202 
-1.48165 
-1.48104 
-1.48017 
-1.47906 
-1.47771 
-1.47611 
-1.47426 
-1.47216 
-1.46981 
-1.46722 
-1.46439 
-1.4613 
-1.45797 
-1.45439 
-1.45056 
-1.44648 
-1.44216 
-1.43759 
-1.43277 
-1.4277 
-1.42239 
-1.41682 
-1.41101 
-1.40495 
-1.39864 
-1.39209 
-1.38528 
-1.37822 
-1.37092 
-1.36337 
-1.35557 
-1.34752 
-1.33922 
-1.33067 
-1.32188 
-1.31283 
-1.30354 
-1.294 
-1.28421 
-1.27417 
-1.26388 
-1.25335 
-1.24257 
-1.23154 
-1.22026 
-1.20874 
-1.19697 
-1.18496 
-1.1727 
-1.16019 
-1.14744 
-1.13445 
-1.12121 
-1.10774 
-1.09402 
-1.08006 
-1.06586 
-1.05142 
-1.03674 
-1.02183 
-1.00669 
-0.991305 
-0.975692 
-0.959848 
-0.943775 
-0.927474 
-0.910948 
-0.894197 
-0.877223 
-0.86003 
-0.842619 
-0.824992 
-0.807151 
-0.789099 
-0.770839 
-0.752373 
-0.733703 
-0.714834 
-0.695767 
-0.676507 
-0.657055 
-0.637416 
-0.617593 
-0.597589 
-0.577409 
-0.557055 
-0.536533 
-0.515846 
-0.494997 
-0.473992 
-0.452835 
-0.431531 
-0.410083 
-0.388497 
-0.366778 
-0.34493 
-0.322959 
-0.300869 
-0.278667 
-0.256356 
-0.233944 
-0.211434 
-0.188834 
-0.166148 
-0.143383 
-0.120544 
-0.097637 
-0.0746682 
-0.0516436 
-0.0285692 
-0.00545124 
0.0177041 
0.0408907 
0.0641021 
0.0873322 
0.110575 
0.133823 
0.157071 
0.180313 
0.203541 
0.22675 
0.249934 
0.273085 
0.296199 
0.319268 
0.342286 
0.365248 
0.388146 
0.410976 
0.433731 
0.456405 
0.478992 
0.501486 
0.523883 
0.546175 
0.568358 
0.590426 
0.612374 
0.634196 
0.655887 
0.677443 
0.698858 
0.720127 
0.741247 
0.762211 
0.783016 
0.803657 
0.824129 
0.84443 
0.864555 
0.884499 
0.90426 
0.923833 
0.943215 
0.962402 
0.981392 
1.00018 
1.01877 
1.03714 
1.05531 
1.07327 
1.09101 
1.10854 
1.12584 
1.14292 
1.15978 
1.17642 
1.19282 
1.209 
1.22495 
1.24066 
1.25614 
1.27139 
1.28639 
1.30116 
1.3157 
1.32999 
1.34404 
1.35785 
1.37142 
1.38474 
1.39782 
1.41066 
1.42325 
1.4356 
1.4477 
1.45956 
1.47117 
1.48254 
1.49366 
1.50454 
1.51516 
1.52555 
1.53568 
1.54558 
1.55522 
1.56462 
1.57378 
1.58269 
1.59135 
1.59978 
1.60795 
1.61589 
1.62358 
1.63103 
1.63823 
1.64519 
1.65191 
1.65839 
1.66463 
1.67063 
1.67638 
1.6819 
1.68718 
1.69221 
1.69701 
1.70157 
1.7059 
1.70998 
1.71383 
1.71744 
1.72082 
1.72395 
1.72686 
1.72952 
1.73195 
1.73415 
1.73611 
1.73784 
1.73933 
1.74059 
1.74161 
1.7424 
1.74296 
1.74328 
1.74337 
1.74323 
1.74285 
1.74224 
1.74139 
1.74031 
1.739 
1.73746 
1.73568 
1.73366 
1.73142 
1.72894 
1.72622 
1.72327 
1.72009 
1.71667 
1.71301 
1.70912 
1.705 
1.70063 
1.69603 
1.6912 
1.68613 
1.68082 
1.67527 
1.66948 
1.66345 
1.65719 
1.65068 
1.64394 
1.63695 
1.62972 
1.62226 
1.61455 
1.60659 
1.5984 
1.58996 
1.58127 
1.57234 
1.56317 
1.55375 
1.54409 
1.53417 
1.52402 
1.51361 
1.50296 
1.49206 
1.48091 
1.46952 
1.45787 
1.44598 
1.43384 
1.42145 
1.40881 
1.39592 
1.38278 
1.36939 
1.35576 
1.34187 
1.32774 
1.31335 
1.29872 
1.28385 
1.26872 
1.25335 
1.23773 
1.22187 
1.20576 
1.18941 
1.17282 
1.15599 
1.13891 
1.1216 
1.10405 
1.08627 
1.06825 
1.05 
1.03152 
1.01281 
0.993872 
0.974712 
0.95533 
0.935729 
0.915911 
0.89588 
0.875638 
0.855188 
0.834534 
0.813678 
0.792625 
0.771377 
0.749939 
0.728314 
0.706506 
0.68452 
0.66236 
0.64003 
0.617535 
0.59488 
0.572069 
0.549107 
0.526 
0.502753 
0.479371 
0.455859 
0.432224 
0.40847 
0.384605 
0.360633 
0.33656 
0.312394 
0.288139 
0.263803 
0.239392 
0.214912 
0.190369 
0.165771 
0.141124 
0.116435 
0.0917099 
0.0669561 
0.0421804 
0.0173895 
-0.00740972 
-0.0322104 
-0.0570056 
-0.0817887 
-0.106553 
-0.131291 
-0.155996 
-0.180662 
-0.205281 
-0.229848 
-0.254355 
-0.278796 
-0.303165 
-0.327455 
-0.351659 
-0.375772 
-0.399787 
-0.423698 
-0.447499 
-0.471185 
-0.494749 
-0.518186 
-0.541491 
-0.564657 
-0.58768 
-0.610555 
-0.633275 
-0.655838 
-0.678237 
-0.700468 
-0.722527 
-0.744409 
-0.76611 
-0.787626 
-0.808952 
-0.830087 
-0.851024 
-0.871762 
-0.892296 
-0.912624 
-0.932742 
-0.952647 
-0.972337 
-0.991809 
-1.01106 
-1.03009 
-1.04889 
-1.06747 
-1.08581 
-1.10392 
-1.12181 
-1.13945 
-1.15686 
-1.17403 
-1.19096 
-1.20765 
-1.2241 
-1.24031 
-1.25627 
-1.27199 
-1.28746 
-1.30269 
-1.31767 
-1.33241 
-1.34689 
-1.36113 
-1.37512 
-1.38886 
-1.40236 
-1.4156 
-1.4286 
-1.44134 
-1.45384 
-1.46609 
-1.4781 
-1.48985 
-1.50136 
-1.51262 
-1.52363 
-1.53439 
-1.54491 
-1.55518 
-1.56521 
-1.57499 
-1.58453 
-1.59382 
-1.60287 
-1.61167 
-1.62024 
-1.62856 
-1.63663 
-1.64447 
-1.65207 
-1.65942 
-1.66654 
-1.67342 
-1.68005 
-1.68645 
-1.69262 
-1.69854 
-1.70423 
-1.70968 
-1.7149 
-1.71988 
-1.72463 
-1.72914 
-1.73342 
-1.73747 
-1.74128 
-1.74486 
-1.7482 
-1.75131 
-1.7542 
-1.75684 
-1.75926 
-1.76145 
-1.7634 
-1.76513 
-1.76662 
-1.76788 
-1.76892 
-1.76972 
-1.77029 
-1.77063 
-1.77074 
-1.77062 
-1.77026 
-1.76968 
-1.76887 
-1.76782 
-1.76655 
-1.76504 
-1.7633 
-1.76133 
-1.75913 
-1.75669 
-1.75403 
-1.75113 
-1.74799 
-1.74462 
-1.74102 
-1.73719 
-1.73312 
-1.72881 
-1.72427 
-1.7195 
-1.71449 
-1.70924 
-1.70375 
-1.69803 
-1.69206 
-1.68586 
-1.67942 
-1.67274 
-1.66582 
-1.65866 
-1.65126 
-1.64362 
-1.63574 
-1.62761 
-1.61924 
-1.61063 
-1.60177 
-1.59267 
-1.58333 
-1.57374 
-1.5639 
-1.55382 
-1.5435 
-1.53293 
-1.52211 
-1.51105 
-1.49974 
-1.48819 
-1.47639 
-1.46434 
-1.45205 
-1.43951 
-1.42673 
-1.4137 
-1.40043 
-1.38691 
-1.37314 
-1.35914 
-1.34489 
-1.3304 
-1.31566 
-1.30069 
-1.28547 
-1.27002 
-1.25433 
-1.2384 
-1.22224 
-1.20584 
-1.18921 
-1.17236 
-1.15527 
-1.13795 
-1.12041 
-1.10265 
-1.08467 
-1.06647 
-1.04805 
-1.02942 
-1.01058 
-0.991526 
-0.972271 
-0.952815 
-0.93316 
-0.913309 
-0.893266 
-0.873035 
-0.852619 
-0.832023 
-0.811249 
-0.790303 
-0.769188 
-0.747909 
-0.72647 
-0.704876 
-0.683132 
-0.661242 
-0.639212 
-0.617046 
-0.594749 
-0.572328 
-0.549787 
-0.527131 
-0.504368 
-0.481501 
-0.458537 
-0.435481 
-0.412341 
-0.389121 
-0.365828 
-0.342467 
-0.319046 
-0.295571 
-0.272046 
-0.24848 
-0.224879 
-0.201248 
-0.177594 
-0.153924 
-0.130245 
-0.106562 
-0.0828817 
-0.0592114 
-0.0355572 
-0.0119255 
0.0116772 
0.0352447 
0.0587705 
0.0822483 
0.105672 
0.129035 
0.152332 
0.175556 
0.198701 
0.221762 
0.244733 
0.267607 
0.290379 
0.313044 
0.335595 
0.358029 
0.380339 
0.402519 
0.424566 
0.446474 
0.468238 
0.489853 
0.511315 
0.53262 
0.553762 
0.574738 
0.595544 
0.616174 
0.636627 
0.656897 
0.676981 
0.696876 
0.716578 
0.736083 
0.75539 
0.774494 
0.793392 
0.812083 
0.830563 
0.848829 
0.866879 
0.884712 
0.902323 
0.919713 
0.936877 
0.953815 
0.970525 
0.987004 
1.00325 
1.01927 
1.03505 
1.05059 
1.0659 
1.08096 
1.09579 
1.11038 
1.12472 
1.13883 
1.15269 
1.1663 
1.17967 
1.1928 
1.20568 
1.21831 
1.23069 
1.24283 
1.25472 
1.26636 
1.27775 
1.2889 
1.29979 
1.31044 
1.32084 
1.33099 
1.34088 
1.35053 
1.35993 
1.36908 
1.37798 
1.38663 
1.39503 
1.40319 
1.41109 
1.41874 
1.42615 
1.43331 
1.44021 
1.44687 
1.45328 
1.45944 
1.46536 
1.47102 
1.47644 
1.48161 
1.48653 
1.4912 
1.49563 
1.49981 
1.50374 
1.50742 
1.51086 
1.51405 
1.517 
1.5197 
1.52215 
1.52435 
1.52631 
1.52802 
1.52949 
1.53071 
1.53168 
1.53241 
1.53289 
1.53312 
1.53311 
1.53286 
1.53235 
1.5316 
1.53061 
1.52937 
1.52788 
1.52615 
1.52417 
1.52195 
1.51948 
1.51676 
1.5138 
1.51059 
1.50714 
1.50344 
1.49949 
1.4953 
1.49087 
1.48618 
1.48126 
1.47608 
1.47066 
1.465 
1.45909 
1.45294 
1.44654 
1.43989 
1.43301 
1.42587 
1.4185 
1.41088 
1.40302 
1.39491 
1.38656 
1.37797 
1.36914 
1.36007 
1.35076 
1.3412 
1.33141 
1.32138 
1.31112 
1.30061 
1.28987 
1.2789 
1.26769 
1.25625 
1.24458 
1.23267 
1.22054 
1.20818 
1.19559 
1.18278 
1.16974 
1.15649 
1.14301 
1.12931 
1.1154 
1.10128 
1.08694 
1.07239 
1.05763 
1.04267 
1.0275 
1.01213 
0.996569 
0.980808 
0.964854 
0.94871 
0.932379 
0.915864 
0.899169 
0.882296 
0.865249 
0.848031 
0.830645 
0.813097 
0.795388 
0.777523 
0.759506 
0.741341 
0.723031 
0.704582 
0.685997 
0.667281 
0.648437 
0.629472 
0.610388 
0.591191 
0.571886 
0.552477 
0.532969 
0.513367 
0.493676 
0.473901 
0.454048 
0.43412 
0.414125 
0.394066 
0.373949 
0.353779 
0.333563 
0.313304 
0.293009 
0.272683 
0.252331 
0.231958 
0.211571 
0.191175 
0.170775 
0.150377 
0.129985 
0.109606 
0.089245 
0.0689072 
0.048598 
0.0283227 
0.00808681 
-0.0121046 
-0.0322462 
-0.0523329 
-0.0723594 
-0.0923208 
-0.112212 
-0.132028 
-0.151764 
-0.171415 
-0.190976 
-0.210443 
-0.229811 
-0.249075 
-0.268231 
-0.287274 
-0.306201 
-0.325006 
-0.343686 
-0.362237 
-0.380654 
-0.398934 
-0.417072 
-0.435066 
-0.452911 
-0.470604 
-0.488141 
-0.505519 
-0.522735 
-0.539785 
-0.556666 
-0.573376 
-0.589911 
-0.606269 
-0.622446 
-0.638441 
-0.65425 
-0.66987 
-0.6853 
-0.700538 
-0.71558 
-0.730425 
-0.745071 
-0.759515 
-0.773756 
-0.787791 
-0.80162 
-0.815239 
-0.828649 
-0.841846 
-0.85483 
-0.867599 
-0.880151 
-0.892486 
-0.904602 
-0.916498 
-0.928172 
-0.939624 
-0.950852 
-0.961856 
-0.972635 
-0.983187 
-0.993513 
-1.00361 
-1.01348 
-1.02312 
-1.03253 
-1.04171 
-1.05065 
-1.05937 
-1.06785 
-1.0761 
-1.08412 
-1.09191 
-1.09946 
-1.10677 
-1.11385 
-1.1207 
-1.12731 
-1.13368 
-1.13982 
-1.14573 
-1.15139 
-1.15682 
-1.16202 
-1.16698 
-1.1717 
-1.17618 
-1.18043 
-1.18444 
-1.18821 
-1.19175 
-1.19505 
-1.19812 
-1.20094 
-1.20353 
-1.20589 
-1.208 
-1.20988 
-1.21153 
-1.21294 
-1.21411 
-1.21504 
-1.21575 
-1.21621 
-1.21644 
-1.21644 
-1.2162 
-1.21572 
-1.21501 
-1.21407 
-1.2129 
-1.21149 
-1.20985 
-1.20797 
-1.20587 
-1.20353 
-1.20096 
-1.19817 
-1.19514 
-1.19188 
-1.18839 
-1.18468 
-1.18074 
-1.17657 
-1.17217 
-1.16755 
-1.1627 
-1.15763 
-1.15234 
-1.14682 
-1.14109 
-1.13513 
-1.12895 
-1.12256 
-1.11594 
-1.10911 
-1.10207 
-1.09481 
-1.08733 
-1.07965 
-1.07176 
-1.06365 
-1.05534 
-1.04683 
-1.0381 
-1.02918 
-1.02005 
-1.01073 
-1.00121 
-0.991486 
-0.981572 
-0.971466 
-0.961169 
-0.950684 
-0.940013 
-0.929157 
-0.918119 
-0.906902 
-0.895507 
-0.883937 
-0.872194 
-0.860281 
-0.8482 
-0.835955 
-0.823547 
-0.81098 
-0.798256 
-0.785378 
-0.77235 
-0.759173 
-0.745852 
-0.732388 
-0.718787 
-0.705049 
-0.69118 
-0.677182 
-0.663059 
-0.648814 
-0.63445 
-0.619972 
-0.605383 
-0.590686 
-0.575885 
-0.560984 
-0.545986 
-0.530897 
-0.515718 
-0.500455 
-0.485112 
-0.469691 
-0.454198 
-0.438636 
-0.42301 
-0.407323 
-0.391579 
-0.375784 
-0.359941 
-0.344053 
-0.328126 
-0.312164 
-0.296171 
-0.28015 
-0.264107 
-0.248046 
-0.23197 
-0.215885 
-0.199793 
-0.183701 
-0.16761 
-0.151527 
-0.135455 
-0.119399 
-0.103362 
-0.0873481 
-0.0713623 
-0.0554084 
-0.0394904 
-0.0236123 
-0.00777811 
0.00800816 
0.0237426 
0.0394213 
0.0550405 
0.0705962 
0.0860848 
0.101503 
0.116846 
0.132111 
0.147294 
0.162392 
0.177401 
0.192318 
0.207139 
0.221861 
0.236481 
0.250996 
0.265403 
0.279697 
0.293877 
0.30794 
0.321882 
0.3357 
0.349392 
0.362956 
0.376387 
0.389685 
0.402845 
0.415867 
0.428747 
0.441482 
0.454072 
0.466512 
0.478802 
0.490939 
0.502921 
0.514745 
0.526411 
0.537916 
0.549258 
0.560435 
0.571447 
0.58229 
0.592964 
0.603466 
0.613796 
0.623952 
0.633932 
0.643736 
0.653361 
0.662807 
0.672072 
0.681155 
0.690055 
0.698772 
0.707303 
0.715648 
0.723806 
0.731777 
0.739559 
0.747151 
0.754553 
0.761764 
0.768783 
0.775611 
0.782245 
0.788685 
0.794932 
0.800984 
0.806841 
0.812503 
0.817969 
0.823239 
0.828312 
0.833189 
0.837868 
0.842351 
0.846635 
0.850723 
0.854612 
0.858304 
0.861798 
0.865094 
0.868192 
0.871092 
0.873794 
0.876299 
0.878606 
0.880715 
0.882627 
0.884342 
0.88586 
0.887181 
0.888306 
0.889235 
0.889969 
0.890507 
0.89085 
0.890999 
0.890953 
0.890715 
0.890283 
0.889659 
0.888843 
0.887836 
0.886638 
0.88525 
0.883674 
0.881908 
0.879955 
0.877816 
0.87549 
0.872979 
0.870284 
0.867406 
0.864345 
0.861103 
0.857681 
0.854079 
0.8503 
0.846343 
0.842211 
0.837904 
0.833424 
0.828771 
0.823948 
0.818956 
0.813796 
0.808469 
0.802977 
0.797322 
0.791505 
0.785527 
0.77939 
0.773097 
0.766648 
0.760045 
0.75329 
0.746386 
0.739333 
0.732133 
0.72479 
0.717303 
0.709677 
0.701912 
0.69401 
0.685975 
0.677807 
0.66951 
0.661085 
0.652534 
0.643861 
0.635067 
0.626154 
0.617125 
0.607984 
0.598731 
0.589369 
0.579902 
0.570331 
0.560659 
0.550889 
0.541024 
0.531065 
0.521017 
0.510881 
0.500661 
0.490359 
0.479978 
0.469521 
0.45899 
0.448389 
0.437721 
0.426987 
0.416193 
0.405339 
0.39443 
0.383468 
0.372456 
0.361397 
0.350295 
0.339152 
0.327971 
0.316755 
0.305508 
0.294232 
0.28293 
0.271606 
0.260262 
0.248902 
0.237528 
0.226144 
0.214752 
0.203356 
0.191959 
0.180563 
0.169172 
0.157788 
0.146414 
0.135054 
0.123711 
0.112386 
0.101084 
0.0898063 
0.0785566 
0.0673376 
0.056152 
0.0450025 
0.033892 
0.0228231 
0.0117985 
0.000820854 
-0.0101072 
-0.020983 
-0.031804 
-0.0425677 
-0.0532716 
-0.0639132 
-0.0744901 
-0.0849998 
-0.0954401 
-0.105809 
-0.116103 
-0.126321 
-0.13646 
-0.146519 
-0.156494 
-0.166385 
-0.176188 
-0.185903 
-0.195526 
-0.205056 
-0.214492 
-0.22383 
-0.23307 
-0.242209 
-0.251247 
-0.26018 
-0.269008 
-0.277728 
-0.28634 
-0.294842 
-0.303231 
-0.311508 
-0.31967 
-0.327716 
-0.335644 
-0.343454 
-0.351143 
-0.358712 
-0.366158 
-0.373481 
-0.380679 
-0.387752 
-0.394698 
-0.401516 
-0.408206 
-0.414766 
-0.421196 
-0.427495 
-0.433661 
-0.439695 
-0.445596 
-0.451362 
-0.456994 
-0.46249 
-0.467851 
-0.473075 
-0.478161 
-0.483111 
-0.487922 
-0.492596 
-0.49713 
-0.501526 
-0.505782 
-0.509899 
-0.513876 
-0.517713 
-0.52141 
-0.524966 
-0.528382 
-0.531658 
-0.534794 
-0.537788 
-0.540643 
-0.543357 
-0.54593 
-0.548364 
-0.550657 
-0.552811 
-0.554824 
-0.556699 
-0.558434 
-0.560031 
-0.561488 
-0.562808 
-0.56399 
-0.565034 
-0.565942 
-0.566713 
-0.567348 
-0.567848 
-0.568213 
-0.568443 
-0.56854 
-0.568504 
-0.568335 
-0.568035 
-0.567603 
-0.567042 
-0.566351 
-0.565531 
-0.564584 
-0.563509 
-0.562309 
-0.560983 
-0.559534 
-0.55796 
-0.556265 
-0.554448 
-0.552512 
-0.550456 
-0.548281 
-0.54599 
-0.543584 
-0.541062 
-0.538427 
-0.53568 
-0.532822 
-0.529854 
-0.526777 
-0.523594 
-0.520304 
-0.51691 
-0.513414 
-0.509815 
-0.506116 
-0.502318 
-0.498423 
-0.494432 
-0.490347 
-0.486169 
-0.481899 
-0.47754 
-0.473093 
-0.468559 
-0.46394 
-0.459238 
-0.454455 
-0.449591 
-0.444649 
-0.439631 
-0.434538 
-0.429371 
-0.424134 
-0.418826 
-0.413451 
-0.40801 
-0.402505 
-0.396937 
-0.391309 
-0.385622 
-0.379878 
-0.374079 
-0.368227 
-0.362324 
-0.356371 
-0.35037 
-0.344324 
-0.338235 
-0.332103 
-0.325931 
-0.319722 
-0.313476 
-0.307196 
-0.300884 
-0.294541 
-0.28817 
-0.281772 
-0.27535 
-0.268905 
-0.262439 
-0.255954 
-0.249452 
-0.242934 
-0.236404 
-0.229862 
-0.223311 
-0.216752 
-0.210187 
-0.203618 
-0.197047 
-0.190476 
-0.183906 
-0.17734 
-0.170779 
-0.164224 
-0.157679 
-0.151144 
-0.14462 
-0.138111 
-0.131618 
-0.125141 
-0.118684 
-0.112247 
-0.105832 
-0.0994412 
-0.0930758 
-0.0867373 
-0.0804275 
-0.0741478 
-0.0678997 
-0.0616847 
-0.0555042 
-0.0493599 
-0.043253 
-0.037185 
-0.0311572 
-0.025171 
-0.0192278 
-0.0133289 
-0.00747554 
-0.00166897 
0.00408955 
0.0097988 
0.0154576 
0.0210648 
0.0266193 
0.0321199 
0.0375656 
0.0429552 
0.0482879 
0.0535626 
0.0587782 
0.0639339 
0.0690288 
0.0740619 
0.0790323 
0.0839393 
0.088782 
0.0935597 
0.0982715 
0.102917 
0.107495 
0.112005 
0.116446 
0.120819 
0.125121 
0.129354 
0.133515 
0.137605 
0.141623 
0.145568 
0.149441 
0.153241 
0.156967 
0.160619 
0.164197 
0.167701 
0.171129 
0.174483 
0.177762 
0.180964 
0.184092 
0.187143 
0.190119 
0.193019 
0.195843 
0.19859 
0.201262 
0.203857 
0.206377 
0.20882 
0.211188 
0.21348 
0.215696 
0.217836 
0.219902 
0.221892 
0.223807 
0.225647 
0.227414 
0.229106 
0.230724 
0.232268 
0.23374 
0.235139 
0.236465 
0.23772 
0.238903 
0.240014 
0.241056 
0.242027 
0.242928 
0.243761 
0.244525 
0.245221 
0.245849 
0.246411 
0.246907 
0.247337 
0.247703 
0.248004 
0.248241 
0.248416 
0.248529 
0.24858 
0.248571 
0.248502 
0.248374 
0.248188 
0.247944 
0.247643 
0.247287 
0.246875 
0.24641 
0.245891 
0.24532 
0.244697 
0.244023 
0.2433 
0.242528 
0.241709 
0.240842 
0.239929 
0.238972 
0.23797 
0.236925 
0.235838 
0.23471 
0.233541 
0.232334 
0.231088 
0.229805 
0.228486 
0.227132 
0.225744 
0.224323 
0.222869 
0.221385 
0.219871 
0.218327 
0.216756 
0.215158 
0.213534 
0.211885 
0.210212 
0.208517 
0.2068 
0.205062 
0.203305 
0.201529 
0.199735 
0.197925 
0.1961 
0.194259 
0.192406 
0.19054 
0.188662 
0.186774 
0.184877 
0.182971 
0.181057 
0.179137 
0.177211 
0.175281 
0.173347 
0.171411 
0.169472 
0.167533 
0.165594 
0.163656 
0.16172 
0.159786 
0.157856 
0.155931 
0.154011 
0.152097 
0.15019 
0.148291 
0.146401 
0.14452 
0.142649 
0.14079 
0.138942 
0.137106 
0.135284 
0.133476 
0.131682 
0.129903 
0.128141 
0.126395 
0.124666 
0.122955 
0.121263 
0.119589 
0.117935 
0.116301 
0.114688 
0.113096 
0.111526 
0.109978 
0.108452 
0.106949 
0.10547 
0.104015 
0.102584 
0.101178 
0.0997967 
0.0984407 
0.0971104 
0.0958061 
0.094528 
0.0932764 
0.0920515 
0.0908535 
0.0896827 
0.0885393 
0.0874234 
0.0863351 
0.0852746 
0.084242 
0.0832374 
0.0822608 
0.0813123 
0.080392 
0.0794998 
0.0786358 
0.0777999 
0.0769921 
0.0762123 
0.0754605 
0.0747365 
0.0740403 
0.0733716 
0.0727304 
0.0721165 
0.0715297 
0.0709698 
0.0704366 
0.0699297 
0.0694491 
0.0689943 
0.0685652 
0.0681613 
0.0677825 
0.0674282 
0.0670983 
0.0667922 
0.0665097 
0.0662502 
0.0660135 
0.065799 
0.0656063 
0.0654349 
0.0652844 
0.0651543 
0.065044 
0.0649531 
0.064881 
0.0648271 
0.0647909 
0.0647719 
0.0647694 
0.0647828 
0.0648116 
0.064855 
0.0649126 
0.0649836 
0.0650673 
0.0651632 
0.0652706 
0.0653887 
0.0655168 
0.0656544 
0.0658006 
0.0659548 
0.0661162 
0.066284 
0.0664576 
0.0666363 
0.0668191 
0.0670055 
0.0671946 
0.0673857 
0.0675779 
0.0677705 
0.0679628 
0.0681539 
0.068343 
0.0685293 
0.0687122 
0.0688906 
0.0690639 
0.0692313 
0.0693919 
0.0695449 
0.0696896 
0.0698251 
0.0699506 
0.0700653 
0.0701684 
0.0702592 
0.0703367 
0.0704003 
0.0704491 
0.0704823 
0.0704992 
0.0704989 
0.0704807 
0.0704437 
0.0703873 
0.0703107 
0.070213 
0.0700937 
0.0699517 
0.0697866 
0.0695975 
0.0693836 
0.0691444 
0.068879 
0.0685868 
0.0682671 
0.0679191 
0.0675423 
0.0671359 
0.0666993 
0.0662319 
0.065733 
0.065202 
0.0646382 
0.0640412 
0.0634104 
0.062745 
0.0620447 
0.0613087 
0.0605367 
0.0597281 
0.0588824 
0.0579991 
0.0570777 
0.0561177 
0.0551188 
0.0540805 
0.0530023 
0.051884 
0.050725 
0.0495251 
0.0482839 
0.047001 
0.0456763 
0.0443092 
0.0428997 
0.0414474 
0.039952 
0.0384135 
0.0368315 
0.0352059 
0.0335365 
0.0318231 
0.0300658 
0.0282642 
0.0264185 
0.0245284 
0.0225939 
0.0206151 
0.0185919 
0.0165243 
0.0144124 
0.0122563 
0.0100559 
0.00781141 
0.00552296 
0.00319068 
0.000814729 
-0.00160471 
-0.00406743 
-0.00657319 
-0.00912176 
-0.0117129 
-0.0143462 
-0.0170215 
-0.0197383 
-0.0224964 
-0.0252953 
-0.0281347 
-0.0310141 
-0.0339331 
-0.0368911 
-0.0398878 
-0.0429227 
-0.0459951 
-0.0491045 
-0.0522504 
-0.0554321 
-0.0586491 
-0.0619007 
-0.0651862 
-0.068505 
-0.0718564 
-0.0752396 
-0.0786539 
-0.0820986 
-0.0855728 
-0.0890757 
-0.0926066 
-0.0961646 
-0.0997488 
-0.103358 
-0.106992 
-0.11065 
-0.11433 
-0.118032 
-0.121754 
-0.125497 
-0.129258 
-0.133036 
-0.136831 
-0.140642 
-0.144467 
-0.148306 
-0.152157 
-0.156019 
-0.159891 
-0.163772 
-0.167661 
-0.171556 
-0.175457 
-0.179362 
-0.18327 
-0.18718 
-0.19109 
-0.195 
-0.198907 
-0.202812 
-0.206711 
-0.210605 
-0.214492 
-0.218371 
-0.222239 
-0.226097 
-0.229942 
-0.233774 
-0.23759 
-0.241391 
-0.245173 
-0.248936 
-0.252679 
-0.256401 
-0.260098 
-0.263772 
-0.267419 
-0.27104 
-0.274631 
-0.278193 
-0.281723 
-0.28522 
-0.288684 
-0.292112 
-0.295503 
-0.298855 
-0.302168 
-0.30544 
-0.30867 
-0.311856 
-0.314998 
-0.318092 
-0.321139 
-0.324137 
-0.327085 
-0.329981 
-0.332824 
-0.335613 
-0.338346 
-0.341023 
-0.343641 
-0.3462 
-0.348698 
-0.351134 
-0.353507 
-0.355816 
-0.35806 
-0.360236 
-0.362345 
-0.364384 
-0.366353 
-0.368251 
-0.370076 
-0.371828 
-0.373504 
-0.375105 
-0.376629 
-0.378075 
-0.379442 
-0.380729 
-0.381935 
-0.383059 
-0.384099 
-0.385056 
-0.385928 
-0.386714 
-0.387413 
-0.388025 
-0.388548 
-0.388982 
-0.389326 
-0.389579 
-0.38974 
-0.389809 
-0.389784 
-0.389666 
-0.389453 
-0.389144 
-0.38874 
-0.388239 
-0.387641 
-0.386945 
-0.38615 
-0.385257 
-0.384265 
-0.383172 
-0.381979 
-0.380685 
-0.379291 
-0.377794 
-0.376195 
-0.374495 
-0.372691 
-0.370785 
-0.368775 
-0.366662 
-0.364445 
-0.362124 
-0.359699 
-0.35717 
-0.354536 
-0.351799 
-0.348956 
-0.34601 
-0.342959 
-0.339803 
-0.336543 
-0.333179 
-0.32971 
-0.326137 
-0.322461 
-0.318681 
-0.314797 
-0.31081 
-0.306721 
-0.302528 
-0.298234 
-0.293837 
-0.289339 
-0.28474 
-0.280041 
-0.275241 
-0.270342 
-0.265344 
-0.260247 
-0.255053 
-0.249762 
-0.244374 
-0.238891 
-0.233313 
-0.227641 
-0.221875 
-0.216017 
-0.210068 
-0.204028 
-0.197898 
-0.191679 
-0.185373 
-0.17898 
-0.172502 
-0.165939 
-0.159293 
-0.152565 
-0.145756 
-0.138867 
-0.1319 
-0.124856 
-0.117736 
-0.110542 
-0.103275 
-0.095937 
-0.0885286 
-0.0810517 
-0.0735078 
-0.0658986 
-0.0582255 
-0.0504903 
-0.0426946 
-0.0348401 
-0.0269284 
-0.0189615 
-0.0109409 
-0.00286857 
0.0052537 
0.013424 
0.0216406 
0.0299014 
0.0382045 
0.0465481 
0.05493 
0.0633483 
0.0718009 
0.0802857 
0.0888008 
0.0973439 
0.105913 
0.114506 
0.12312 
0.131754 
0.140406 
0.149072 
0.157751 
0.16644 
0.175138 
0.183842 
0.192549 
0.201258 
0.209966 
0.21867 
0.227369 
0.23606 
0.244741 
0.253408 
0.262061 
0.270696 
0.279312 
0.287905 
0.296473 
0.305015 
0.313527 
0.322007 
0.330453 
0.338862 
0.347233 
0.355562 
0.363847 
0.372086 
0.380276 
0.388416 
0.396503 
0.404534 
0.412507 
0.420419 
0.42827 
0.436055 
0.443774 
0.451423 
0.459 
0.466504 
0.473932 
0.481281 
0.48855 
0.495736 
0.502837 
0.509852 
0.516777 
0.523612 
0.530353 
0.536999 
0.543548 
0.549997 
0.556345 
0.562591 
0.568731 
0.574764 
0.580688 
0.586502 
0.592203 
0.59779 
0.603261 
0.608613 
0.613847 
0.618959 
0.623949 
0.628814 
0.633552 
0.638164 
0.642646 
0.646997 
0.651217 
0.655302 
0.659253 
0.663067 
0.666744 
0.670281 
0.673678 
0.676933 
0.680046 
0.683014 
0.685837 
0.688514 
0.691043 
0.693423 
0.695654 
0.697734 
0.699662 
0.701438 
0.70306 
0.704528 
0.70584 
0.706996 
0.707995 
0.708836 
0.709519 
0.710042 
0.710405 
0.710608 
0.710649 
0.710529 
0.710246 
0.7098 
0.709191 
0.708418 
0.70748 
0.706377 
0.70511 
0.703676 
0.702077 
0.700311 
0.69838 
0.696281 
0.694015 
0.691583 
0.688983 
0.686216 
0.683281 
0.680179 
0.67691 
0.673473 
0.669869 
0.666097 
0.662158 
0.658052 
0.653779 
0.64934 
0.644734 
0.639962 
0.635024 
0.629921 
0.624652 
0.619219 
0.613622 
0.607861 
0.601937 
0.595851 
0.589602 
0.583192 
0.576621 
0.569891 
0.563001 
0.555953 
0.548747 
0.541385 
0.533867 
0.526194 
0.518368 
0.510389 
0.502258 
0.493976 
0.485546 
0.476967 
0.468242 
0.45937 
0.450355 
0.441197 
0.431898 
0.422459 
0.412882 
0.403168 
0.393319 
0.383336 
0.373222 
0.362979 
0.352607 
0.342109 
0.331486 
0.320742 
0.309877 
0.298894 
0.287795 
0.276582 
0.265258 
0.253824 
0.242283 
0.230637 
0.218889 
0.207041 
0.195095 
0.183055 
0.170922 
0.1587 
0.146391 
0.133998 
0.121523 
0.10897 
0.0963405 
0.0836386 
0.0708667 
0.0580279 
0.0451252 
0.0321616 
0.0191403 
0.00606433 
-0.0070631 
-0.0202388 
-0.0334595 
-0.046722 
-0.060023 
-0.0733591 
-0.0867271 
-0.100123 
-0.113545 
-0.126988 
-0.140449 
-0.153925 
-0.167412 
-0.180907 
-0.194406 
-0.207906 
-0.221403 
-0.234894 
-0.248374 
-0.261841 
-0.275292 
-0.288721 
-0.302127 
-0.315504 
-0.32885 
-0.342162 
-0.355435 
-0.368666 
-0.381852 
-0.394988 
-0.408072 
-0.4211 
-0.434069 
-0.446975 
-0.459814 
-0.472583 
-0.48528 
-0.497899 
-0.510439 
-0.522896 
-0.535266 
-0.547546 
-0.559733 
-0.571824 
-0.583816 
-0.595706 
-0.607489 
-0.619164 
-0.630728 
-0.642177 
-0.653508 
-0.664719 
-0.675807 
-0.686769 
-0.697602 
-0.708303 
-0.71887 
-0.7293 
-0.739591 
-0.74974 
-0.759744 
-0.769601 
-0.779309 
-0.788866 
-0.798268 
-0.807514 
-0.816602 
-0.825529 
-0.834293 
-0.842893 
-0.851326 
-0.85959 
-0.867683 
-0.875603 
-0.88335 
-0.89092 
-0.898312 
-0.905524 
-0.912555 
-0.919403 
-0.926067 
-0.932544 
