0 
1.95648e-07 
1.17377e-06 
3.32515e-06 
7.04002e-06 
1.27078e-05 
2.0717e-05 
3.1455e-05 
4.53078e-05 
6.26599e-05 
8.38939e-05 
0.000109391 
0.000139529 
0.000174686 
0.000215235 
0.000261547 
0.000313992 
0.000372934 
0.000438735 
0.000511756 
0.00059235 
0.000680871 
0.000777664 
0.000883075 
0.000997442 
0.0011211 
0.00125438 
0.00139761 
0.0015511 
0.00171518 
0.00189015 
0.00207632 
0.00227398 
0.00248344 
0.00270497 
0.00293886 
0.00318539 
0.00344481 
0.00371741 
0.00400342 
0.00430311 
0.0046167 
0.00494445 
0.00528656 
0.00564327 
0.00601479 
0.00640132 
0.00680305 
0.00722019 
0.00765291 
0.00810138 
0.00856577 
0.00904623 
0.00954293 
0.010056 
0.0105855 
0.0111317 
0.0116946 
0.0122744 
0.012871 
0.0134848 
0.0141156 
0.0147635 
0.0154287 
0.0161112 
0.016811 
0.0175282 
0.0182627 
0.0190146 
0.0197839 
0.0205706 
0.0213746 
0.022196 
0.0230347 
0.0238906 
0.0247638 
0.0256541 
0.0265614 
0.0274857 
0.0284269 
0.0293848 
0.0303594 
0.0313505 
0.032358 
0.0333818 
0.0344217 
0.0354774 
0.036549 
0.0376361 
0.0387386 
0.0398562 
0.0409888 
0.0421361 
0.0432979 
0.044474 
0.045664 
0.0468678 
0.0480851 
0.0493155 
0.0505588 
0.0518147 
0.0530829 
0.054363 
0.0556548 
0.0569579 
0.0582719 
0.0595965 
0.0609313 
0.062276 
0.0636302 
0.0649934 
0.0663653 
0.0677456 
0.0691337 
0.0705292 
0.0719318 
0.0733409 
0.0747562 
0.0761772 
0.0776034 
0.0790344 
0.0804696 
0.0819087 
0.0833511 
0.0847963 
0.0862438 
0.0876932 
0.0891439 
0.0905954 
0.0920471 
0.0934986 
0.0949493 
0.0963987 
0.0978461 
0.0992912 
0.100733 
0.102172 
0.103606 
0.105036 
0.106461 
0.107879 
0.109292 
0.110697 
0.112095 
0.113485 
0.114866 
0.116237 
0.117599 
0.11895 
0.12029 
0.121619 
0.122935 
0.124238 
0.125528 
0.126803 
0.128064 
0.12931 
0.130539 
0.131752 
0.132948 
0.134127 
0.135286 
0.136427 
0.137549 
0.13865 
0.139731 
0.14079 
0.141827 
0.142842 
0.143834 
0.144802 
0.145745 
0.146664 
0.147558 
0.148425 
0.149266 
0.15008 
0.150866 
0.151624 
0.152353 
0.153053 
0.153723 
0.154363 
0.154972 
0.155549 
0.156094 
0.156607 
0.157087 
0.157534 
0.157946 
0.158324 
0.158668 
0.158975 
0.159248 
0.159483 
0.159682 
0.159844 
0.159969 
0.160055 
0.160103 
0.160112 
0.160083 
0.160013 
0.159904 
0.159754 
0.159564 
0.159332 
0.15906 
0.158745 
0.158389 
0.157991 
0.15755 
0.157066 
0.15654 
0.15597 
0.155356 
0.154699 
0.153997 
0.153252 
0.152462 
0.151628 
0.150748 
0.149824 
0.148855 
0.147841 
0.146782 
0.145677 
0.144527 
0.143331 
0.142089 
0.140802 
0.139469 
0.138091 
0.136667 
0.135197 
0.133681 
0.13212 
0.130513 
0.12886 
0.127163 
0.125419 
0.123631 
0.121797 
0.119918 
0.117995 
0.116026 
0.114013 
0.111956 
0.109855 
0.10771 
0.105521 
0.103288 
0.101013 
0.0986946 
0.0963336 
0.0939305 
0.0914854 
0.0889987 
0.0864707 
0.0839019 
0.0812927 
0.0786433 
0.0759543 
0.0732261 
0.0704591 
0.0676538 
0.0648106 
0.0619301 
0.0590127 
0.056059 
0.0530695 
0.0500447 
0.0469853 
0.0438917 
0.0407647 
0.0376047 
0.0344124 
0.0311885 
0.0279335 
0.0246482 
0.0213331 
0.0179891 
0.0146168 
0.0112169 
0.00779014 
0.00433725 
0.000858995 
-0.00264387 
-0.00617058 
-0.00972032 
-0.0132923 
-0.0168857 
-0.0204998 
-0.0241336 
-0.0277863 
-0.0314571 
-0.0351451 
-0.0388495 
-0.0425693 
-0.0463036 
-0.0500515 
-0.0538122 
-0.0575846 
-0.0613679 
-0.0651611 
-0.0689633 
-0.0727734 
-0.0765905 
-0.0804137 
-0.0842419 
-0.0880742 
-0.0919095 
-0.0957469 
-0.0995853 
-0.103424 
-0.107261 
-0.111096 
-0.114929 
-0.118757 
-0.12258 
-0.126397 
-0.130206 
-0.134007 
-0.137799 
-0.14158 
-0.14535 
-0.149107 
-0.15285 
-0.156579 
-0.160292 
-0.163988 
-0.167665 
-0.171324 
-0.174963 
-0.17858 
-0.182175 
-0.185747 
-0.189295 
-0.192816 
-0.196311 
-0.199779 
-0.203218 
-0.206626 
-0.210004 
-0.21335 
-0.216664 
-0.219943 
-0.223186 
-0.226394 
-0.229565 
-0.232697 
-0.23579 
-0.238843 
-0.241855 
-0.244824 
-0.24775 
-0.250632 
-0.253469 
-0.256259 
-0.259002 
-0.261697 
-0.264343 
-0.266939 
-0.269484 
-0.271977 
-0.274417 
-0.276803 
-0.279135 
-0.281411 
-0.283631 
-0.285793 
-0.287898 
-0.289944 
-0.29193 
-0.293855 
-0.295719 
-0.297521 
-0.29926 
-0.300935 
-0.302546 
-0.304092 
-0.305571 
-0.306985 
-0.308331 
-0.309609 
-0.310818 
-0.311958 
-0.313029 
-0.314029 
-0.314957 
-0.315814 
-0.316599 
-0.317311 
-0.31795 
-0.318515 
-0.319005 
-0.319421 
-0.319762 
-0.320026 
-0.320215 
-0.320327 
-0.320361 
-0.320319 
-0.320199 
-0.32 
-0.319724 
-0.319368 
-0.318934 
-0.31842 
-0.317827 
-0.317154 
-0.316401 
-0.315568 
-0.314655 
-0.313661 
-0.312586 
-0.311431 
-0.310195 
-0.308878 
-0.30748 
-0.306001 
-0.304442 
-0.302801 
-0.301079 
-0.299276 
-0.297392 
-0.295428 
-0.293383 
-0.291257 
-0.289051 
-0.286765 
-0.284399 
-0.281953 
-0.279428 
-0.276823 
-0.274139 
-0.271376 
-0.268535 
-0.265616 
-0.262619 
-0.259545 
-0.256394 
-0.253167 
-0.249863 
-0.246484 
-0.24303 
-0.239501 
-0.235898 
-0.232222 
-0.228473 
-0.224652 
-0.220759 
-0.216794 
-0.21276 
-0.208656 
-0.204483 
-0.200242 
-0.195933 
-0.191558 
-0.187117 
-0.18261 
-0.17804 
-0.173406 
-0.168709 
-0.163951 
-0.159133 
-0.154254 
-0.149317 
-0.144322 
-0.13927 
-0.134162 
-0.129 
-0.123784 
-0.118516 
-0.113195 
-0.107825 
-0.102405 
-0.0969375 
-0.0914229 
-0.0858625 
-0.0802577 
-0.0746096 
-0.0689195 
-0.0631886 
-0.0574183 
-0.0516098 
-0.0457645 
-0.0398836 
-0.0339686 
-0.0280207 
-0.0220415 
-0.0160321 
-0.00999418 
-0.00392902 
0.00216192 
0.0082772 
0.0144153 
0.0205749 
0.0267543 
0.0329522 
0.039167 
0.0453972 
0.0516412 
0.0578975 
0.0641646 
0.0704409 
0.0767249 
0.0830149 
0.0893094 
0.0956068 
0.101905 
0.108204 
0.1145 
0.120793 
0.127081 
0.133362 
0.139634 
0.145897 
0.152148 
0.158385 
0.164608 
0.170814 
0.177002 
0.183169 
0.189316 
0.195439 
0.201537 
0.207609 
0.213653 
0.219667 
0.22565 
0.2316 
0.237515 
0.243394 
0.249236 
0.255038 
0.260799 
0.266517 
0.272191 
0.277819 
0.2834 
0.288932 
0.294414 
0.299844 
0.30522 
0.310541 
0.315806 
0.321012 
0.326159 
0.331245 
0.336269 
0.341228 
0.346123 
0.35095 
0.355709 
0.360399 
0.365018 
0.369565 
0.374038 
0.378435 
0.382757 
0.387001 
0.391166 
0.395251 
0.399255 
0.403176 
0.407013 
0.410766 
0.414432 
0.41801 
0.421501 
0.424902 
0.428212 
0.43143 
0.434556 
0.437587 
0.440524 
0.443366 
0.44611 
0.448757 
0.451305 
0.453753 
0.456101 
0.458348 
0.460492 
0.462534 
0.464472 
0.466305 
0.468033 
0.469656 
0.471171 
0.472579 
0.473879 
0.475071 
0.476153 
0.477125 
0.477987 
0.478738 
0.479378 
0.479906 
0.480321 
0.480623 
0.480813 
0.480888 
0.48085 
0.480697 
0.48043 
0.480048 
0.47955 
0.478938 
0.478209 
0.477365 
0.476404 
0.475328 
0.474135 
0.472826 
0.471401 
0.469859 
0.468201 
0.466427 
0.464536 
0.462529 
0.460405 
0.458166 
0.45581 
0.453339 
0.450753 
0.448051 
0.445234 
0.442303 
0.439257 
0.436097 
0.432823 
0.429436 
0.425936 
0.422323 
0.418599 
0.414763 
0.410816 
0.406759 
0.402592 
0.398316 
0.393932 
0.38944 
0.38484 
0.380134 
0.375323 
0.370406 
0.365386 
0.360263 
0.355037 
0.34971 
0.344282 
0.338755 
0.333129 
0.327405 
0.321586 
0.315671 
0.309661 
0.303558 
0.297364 
0.291078 
0.284703 
0.27824 
0.271689 
0.265053 
0.258332 
0.251528 
0.244642 
0.237676 
0.230631 
0.223509 
0.21631 
0.209037 
0.201692 
0.194274 
0.186788 
0.179232 
0.171611 
0.163925 
0.156175 
0.148364 
0.140494 
0.132565 
0.12458 
0.116541 
0.10845 
0.100308 
0.0921168 
0.083879 
0.0755962 
0.0672704 
0.0589036 
0.0504976 
0.0420545 
0.0335762 
0.0250649 
0.0165226 
0.00795126 
-0.000646985 
-0.00927005 
-0.0179158 
-0.0265822 
-0.0352671 
-0.0439683 
-0.0526837 
-0.0614112 
-0.0701484 
-0.0788934 
-0.0876439 
-0.0963976 
-0.105152 
-0.113906 
-0.122656 
-0.131401 
-0.140138 
-0.148865 
-0.15758 
-0.16628 
-0.174964 
-0.183628 
-0.192272 
-0.200892 
-0.209486 
-0.218052 
-0.226589 
-0.235093 
-0.243562 
-0.251995 
-0.260389 
-0.268742 
-0.277051 
-0.285315 
-0.293531 
-0.301698 
-0.309812 
-0.317872 
-0.325877 
-0.333823 
-0.341708 
-0.349531 
-0.357289 
-0.364981 
-0.372604 
-0.380157 
-0.387637 
-0.395042 
-0.40237 
-0.40962 
-0.41679 
-0.423877 
-0.43088 
-0.437797 
-0.444626 
-0.451365 
-0.458013 
-0.464567 
-0.471026 
-0.477389 
-0.483653 
-0.489816 
-0.495878 
-0.501837 
-0.50769 
-0.513437 
-0.519075 
-0.524604 
-0.530022 
-0.535327 
-0.540518 
-0.545593 
-0.550551 
-0.555391 
-0.560112 
-0.564711 
-0.569188 
-0.573542 
-0.577771 
-0.581875 
-0.585851 
-0.589699 
-0.593418 
-0.597006 
-0.600463 
-0.603788 
-0.606979 
-0.610035 
-0.612957 
-0.615742 
-0.61839 
-0.6209 
-0.623271 
-0.625502 
-0.627594 
-0.629544 
-0.631352 
-0.633018 
-0.634541 
-0.63592 
-0.637155 
-0.638245 
-0.639189 
-0.639988 
-0.64064 
-0.641146 
-0.641504 
-0.641715 
-0.641777 
-0.641692 
-0.641457 
-0.641074 
-0.640542 
-0.639861 
-0.63903 
-0.638049 
-0.636919 
-0.635639 
-0.634209 
-0.632629 
-0.630899 
-0.62902 
-0.62699 
-0.624811 
-0.622482 
-0.620004 
-0.617376 
-0.6146 
-0.611674 
-0.6086 
-0.605378 
-0.602008 
-0.59849 
-0.594825 
-0.591013 
-0.587056 
-0.582952 
-0.578703 
-0.57431 
-0.569772 
-0.565091 
-0.560267 
-0.555301 
-0.550194 
-0.544946 
-0.539558 
-0.534031 
-0.528366 
-0.522564 
-0.516625 
-0.510551 
-0.504342 
-0.498001 
-0.491526 
-0.484921 
-0.478185 
-0.471321 
-0.464329 
-0.45721 
-0.449966 
-0.442599 
-0.435108 
-0.427497 
-0.419766 
-0.411916 
-0.40395 
-0.395868 
-0.387673 
-0.379365 
-0.370947 
-0.36242 
-0.353786 
-0.345046 
-0.336203 
-0.327258 
-0.318213 
-0.30907 
-0.29983 
-0.290496 
-0.28107 
-0.271554 
-0.26195 
-0.252259 
-0.242484 
-0.232628 
-0.222691 
-0.212677 
-0.202588 
-0.192426 
-0.182193 
-0.171892 
-0.161525 
-0.151094 
-0.140602 
-0.130051 
-0.119444 
-0.108783 
-0.0980707 
-0.0873097 
-0.0765025 
-0.0656516 
-0.0547598 
-0.0438296 
-0.0328637 
-0.0218648 
-0.0108355 
0.000221381 
0.0113032 
0.0224073 
0.0335307 
0.0446709 
0.0558249 
0.06699 
0.0781635 
0.0893424 
0.100524 
0.111706 
0.122884 
0.134057 
0.145221 
0.156374 
0.167512 
0.178633 
0.189734 
0.200813 
0.211865 
0.222889 
0.233882 
0.244841 
0.255763 
0.266645 
0.277484 
0.288279 
0.299025 
0.30972 
0.320362 
0.330947 
0.341474 
0.351938 
0.362338 
0.372672 
0.382935 
0.393126 
0.403243 
0.413282 
0.423241 
0.433117 
0.442908 
0.452612 
0.462226 
0.471747 
0.481174 
0.490503 
0.499733 
0.508861 
0.517885 
0.526803 
0.535612 
0.54431 
0.552896 
0.561367 
0.56972 
0.577954 
0.586067 
0.594057 
0.601922 
0.60966 
0.617269 
0.624747 
0.632092 
0.639304 
0.646379 
0.653316 
0.660113 
0.66677 
0.673284 
0.679653 
0.685876 
0.691953 
0.69788 
0.703657 
0.709282 
0.714755 
0.720073 
0.725235 
0.730241 
0.735088 
0.739776 
0.744304 
0.74867 
0.752874 
0.756913 
0.760788 
0.764498 
0.768041 
0.771416 
0.774623 
0.77766 
0.780528 
0.783225 
0.78575 
0.788102 
0.790282 
0.792288 
0.79412 
0.795777 
0.797258 
0.798563 
0.799692 
0.800645 
0.801419 
0.802016 
0.802435 
0.802675 
0.802737 
0.80262 
0.802323 
0.801847 
0.801191 
0.800355 
0.799339 
0.798143 
0.796767 
0.79521 
0.793474 
0.791557 
0.789461 
0.787184 
0.784727 
0.782091 
0.779275 
0.77628 
0.773105 
0.769752 
0.766221 
0.762511 
0.758623 
0.754558 
0.750316 
0.745898 
0.741303 
0.736534 
0.731589 
0.72647 
0.721178 
0.715713 
0.710075 
0.704267 
0.698287 
0.692138 
0.68582 
0.679334 
0.67268 
0.665861 
0.658876 
0.651728 
0.644416 
0.636943 
0.629309 
0.621516 
0.613564 
0.605456 
0.597192 
0.588774 
0.580203 
0.571481 
0.562609 
0.553589 
0.544422 
0.53511 
0.525655 
0.516059 
0.506322 
0.496448 
0.486437 
0.476292 
0.466015 
0.455607 
0.445072 
0.434409 
0.423623 
0.412715 
0.401687 
0.390542 
0.379282 
0.367908 
0.356424 
0.344833 
0.333135 
0.321335 
0.309434 
0.297436 
0.285342 
0.273156 
0.260879 
0.248516 
0.236068 
0.223539 
0.210932 
0.198249 
0.185493 
0.172667 
0.159775 
0.146819 
0.133803 
0.120729 
0.1076 
0.0944209 
0.0811935 
0.0679214 
0.0546077 
0.0412559 
0.0278691 
0.0144506 
0.00100393 
-0.0124677 
-0.0259609 
-0.0394723 
-0.0529985 
-0.0665361 
-0.0800816 
-0.0936317 
-0.107183 
-0.120732 
-0.134275 
-0.147808 
-0.16133 
-0.174835 
-0.18832 
-0.201782 
-0.215218 
-0.228624 
-0.241997 
-0.255332 
-0.268628 
-0.28188 
-0.295086 
-0.30824 
-0.321342 
-0.334386 
-0.34737 
-0.360291 
-0.373144 
-0.385928 
-0.398638 
-0.411272 
-0.423827 
-0.436298 
-0.448684 
-0.460981 
-0.473185 
-0.485295 
-0.497307 
-0.509218 
-0.521026 
-0.532726 
-0.544318 
-0.555797 
-0.567161 
-0.578408 
-0.589534 
-0.600537 
-0.611415 
-0.622164 
-0.632783 
-0.643269 
-0.65362 
-0.663833 
-0.673905 
-0.683836 
-0.693621 
-0.70326 
-0.71275 
-0.722089 
-0.731274 
-0.740305 
-0.749178 
-0.757893 
-0.766446 
-0.774837 
-0.783063 
-0.791123 
-0.799015 
-0.806738 
-0.814289 
-0.821667 
-0.828871 
-0.835899 
-0.842749 
-0.849421 
-0.855913 
-0.862224 
-0.868352 
-0.874296 
-0.880055 
-0.885627 
-0.891012 
-0.896209 
-0.901216 
-0.906032 
-0.910657 
-0.915089 
-0.919328 
-0.923373 
-0.927222 
-0.930876 
-0.934332 
-0.937592 
-0.940653 
-0.943515 
-0.946178 
-0.948641 
-0.950903 
-0.952964 
-0.954824 
-0.956481 
-0.957936 
-0.959187 
-0.960235 
-0.96108 
-0.96172 
-0.962155 
-0.962386 
-0.962412 
-0.962233 
-0.961849 
-0.961259 
-0.960463 
-0.959462 
-0.958254 
-0.956841 
-0.955222 
-0.953397 
-0.951366 
-0.949129 
-0.946687 
-0.944039 
-0.941185 
-0.938127 
-0.934863 
-0.931395 
-0.927722 
-0.923844 
-0.919763 
-0.915479 
-0.910991 
-0.9063 
-0.901407 
-0.896313 
-0.891017 
-0.885521 
-0.879824 
-0.873928 
-0.867833 
-0.861541 
-0.85505 
-0.848364 
-0.841481 
-0.834403 
-0.827132 
-0.819667 
-0.81201 
-0.804162 
-0.796124 
-0.787897 
-0.779482 
-0.770881 
-0.762094 
-0.753122 
-0.743968 
-0.734632 
-0.725117 
-0.715422 
-0.70555 
-0.695503 
-0.685281 
-0.674888 
-0.664323 
-0.65359 
-0.642689 
-0.631624 
-0.620394 
-0.609004 
-0.597454 
-0.585747 
-0.573884 
-0.561869 
-0.549702 
-0.537388 
-0.524927 
-0.512322 
-0.499576 
-0.486691 
-0.47367 
-0.460515 
-0.447229 
-0.433815 
-0.420275 
-0.406613 
-0.392831 
-0.378932 
-0.36492 
-0.350797 
-0.336566 
-0.32223 
-0.307793 
-0.293259 
-0.278629 
-0.263908 
-0.249099 
-0.234206 
-0.219231 
-0.204179 
-0.189053 
-0.173856 
-0.158593 
-0.143266 
-0.12788 
-0.112439 
-0.096946 
-0.0814049 
-0.0658197 
-0.0501942 
-0.0345324 
-0.0188382 
-0.00311552 
0.0126317 
0.0283994 
0.0441836 
0.0599803 
0.0757855 
0.0915951 
0.107405 
0.123212 
0.13901 
0.154797 
0.170568 
0.186319 
0.202047 
0.217746 
0.233413 
0.249045 
0.264636 
0.280184 
0.295683 
0.311131 
0.326523 
0.341855 
0.357123 
0.372324 
0.387454 
0.402509 
0.417485 
0.432379 
0.447186 
0.461904 
0.476528 
0.491055 
0.505482 
0.519804 
0.53402 
0.548124 
0.562114 
0.575987 
0.58974 
0.603368 
0.61687 
0.630241 
0.64348 
0.656582 
0.669545 
0.682367 
0.695044 
0.707573 
0.719952 
0.732179 
0.74425 
0.756163 
0.767916 
0.779505 
0.79093 
0.802187 
0.813275 
0.82419 
0.834932 
0.845497 
0.855884 
0.86609 
0.876115 
0.885955 
0.89561 
0.905077 
0.914354 
0.923441 
0.932335 
0.941035 
0.949539 
0.957846 
0.965954 
0.973862 
0.981569 
0.989074 
0.996374 
1.00347 
1.01036 
1.01704 
1.02351 
1.02978 
1.03583 
1.04167 
1.0473 
1.05272 
1.05792 
1.06291 
1.06768 
1.07224 
1.07658 
1.0807 
1.0846 
1.08829 
1.09175 
1.09499 
1.09802 
1.10082 
1.1034 
1.10576 
1.1079 
1.10981 
1.1115 
1.11297 
1.11421 
1.11523 
1.11602 
1.11659 
1.11694 
1.11706 
1.11695 
1.11662 
1.11607 
1.11528 
1.11428 
1.11304 
1.11159 
1.1099 
1.10799 
1.10586 
1.1035 
1.10091 
1.0981 
1.09506 
1.0918 
1.08831 
1.0846 
1.08066 
1.0765 
1.07212 
1.06751 
1.06268 
1.05762 
1.05235 
1.04685 
1.04113 
1.03519 
1.02902 
1.02264 
1.01604 
1.00922 
1.00218 
0.994924 
0.987451 
0.979762 
0.971857 
0.963738 
0.955405 
0.94686 
0.938102 
0.929134 
0.919957 
0.91057 
0.900977 
0.891177 
0.881172 
0.870963 
0.860552 
0.849939 
0.839127 
0.828117 
0.81691 
0.805508 
0.793913 
0.782126 
0.770149 
0.757984 
0.745633 
0.733098 
0.72038 
0.707482 
0.694406 
0.681155 
0.667729 
0.654133 
0.640368 
0.626436 
0.61234 
0.598083 
0.583668 
0.569096 
0.554372 
0.539497 
0.524475 
0.509309 
0.494001 
0.478556 
0.462975 
0.447263 
0.431423 
0.415457 
0.399371 
0.383166 
0.366847 
0.350417 
0.33388 
0.31724 
0.300501 
0.283666 
0.26674 
0.249726 
0.232628 
0.215452 
0.198199 
0.180876 
0.163486 
0.146033 
0.128522 
0.110958 
0.0933433 
0.0756838 
0.0579837 
0.0402475 
0.0224796 
0.00468457 
-0.013133 
-0.0309685 
-0.0488175 
-0.0666752 
-0.0845371 
-0.102399 
-0.120255 
-0.138102 
-0.155934 
-0.173748 
-0.191538 
-0.2093 
-0.227029 
-0.244721 
-0.262371 
-0.279975 
-0.297528 
-0.315026 
-0.332464 
-0.349837 
-0.367142 
-0.384375 
-0.40153 
-0.418603 
-0.435591 
-0.452488 
-0.469292 
-0.485998 
-0.502601 
-0.519099 
-0.535486 
-0.551759 
-0.567915 
-0.583949 
-0.599858 
-0.615639 
-0.631286 
-0.646799 
-0.662171 
-0.677401 
-0.692486 
-0.707421 
-0.722203 
-0.736831 
-0.751299 
-0.765607 
-0.77975 
-0.793725 
-0.807531 
-0.821165 
-0.834623 
-0.847903 
-0.861004 
-0.873921 
-0.886654 
-0.899199 
-0.911555 
-0.923719 
-0.93569 
-0.947465 
-0.959042 
-0.97042 
-0.981596 
-0.99257 
-1.00334 
-1.0139 
-1.02425 
-1.0344 
-1.04433 
-1.05405 
-1.06356 
-1.07285 
-1.08193 
-1.09078 
-1.09942 
-1.10784 
-1.11604 
-1.12402 
-1.13177 
-1.1393 
-1.1466 
-1.15368 
-1.16053 
-1.16716 
-1.17355 
-1.17972 
-1.18566 
-1.19137 
-1.19684 
-1.20209 
-1.2071 
-1.21188 
-1.21643 
-1.22075 
-1.22483 
-1.22868 
-1.23229 
-1.23567 
-1.23881 
-1.24172 
-1.24439 
-1.24682 
-1.24902 
-1.25098 
-1.2527 
-1.25419 
-1.25544 
-1.25645 
-1.25722 
-1.25776 
-1.25806 
-1.25812 
-1.25794 
-1.25752 
-1.25687 
-1.25597 
-1.25484 
-1.25347 
-1.25186 
-1.25001 
-1.24793 
-1.2456 
-1.24304 
-1.24024 
-1.2372 
-1.23393 
-1.23041 
-1.22666 
-1.22267 
-1.21844 
-1.21397 
-1.20927 
-1.20433 
-1.19916 
-1.19375 
-1.1881 
-1.18222 
-1.1761 
-1.16974 
-1.16316 
-1.15634 
-1.14928 
-1.14199 
-1.13447 
-1.12672 
-1.11873 
-1.11052 
-1.10207 
-1.0934 
-1.08449 
-1.07536 
-1.06601 
-1.05642 
-1.04661 
-1.03658 
-1.02632 
-1.01584 
-1.00514 
-0.994215 
-0.983075 
-0.971717 
-0.960142 
-0.948352 
-0.936349 
-0.924134 
-0.911708 
-0.899073 
-0.88623 
-0.873182 
-0.859931 
-0.846477 
-0.832823 
-0.818971 
-0.804924 
-0.790682 
-0.776249 
-0.761627 
-0.746818 
-0.731824 
-0.716648 
-0.701293 
-0.685762 
-0.670056 
-0.65418 
-0.638135 
-0.621925 
-0.605553 
-0.589022 
-0.572335 
-0.555497 
-0.538509 
-0.521375 
-0.5041 
-0.486686 
-0.469138 
-0.451459 
-0.433652 
-0.415723 
-0.397675 
-0.379512 
-0.361238 
-0.342858 
-0.324375 
-0.305795 
-0.28712 
-0.268357 
-0.24951 
-0.230582 
-0.211579 
-0.192506 
-0.173366 
-0.154166 
-0.13491 
-0.115602 
-0.0962474 
-0.0768517 
-0.0574195 
-0.0379558 
-0.0184656 
0.00104601 
0.0205739 
0.0401131 
0.0596585 
0.0792049 
0.0987473 
0.118281 
0.1378 
0.157299 
0.176774 
0.19622 
0.215631 
0.235003 
0.25433 
0.273607 
0.29283 
0.311994 
0.331093 
0.350123 
0.369079 
0.387957 
0.40675 
0.425456 
0.44407 
0.462586 
0.481 
0.499309 
0.517507 
0.53559 
0.553554 
0.571395 
0.589109 
0.606692 
0.62414 
0.641448 
0.658614 
0.675634 
0.692503 
0.709219 
0.725778 
0.742176 
0.758411 
0.774479 
0.790376 
0.8061 
0.821648 
0.837018 
0.852205 
0.867207 
0.882023 
0.896648 
0.911082 
0.92532 
0.939362 
0.953204 
0.966845 
0.980282 
0.993514 
1.00654 
1.01935 
1.03196 
1.04435 
1.05652 
1.06848 
1.08022 
1.09174 
1.10305 
1.11413 
1.12498 
1.13561 
1.14602 
1.1562 
1.16615 
1.17587 
1.18536 
1.19462 
1.20365 
1.21245 
1.22101 
1.22934 
1.23743 
1.24529 
1.25291 
1.26029 
1.26744 
1.27435 
1.28102 
1.28745 
1.29364 
1.2996 
1.30531 
1.31078 
1.31601 
1.321 
1.32575 
1.33026 
1.33452 
1.33854 
1.34232 
1.34586 
1.34915 
1.3522 
1.35501 
1.35757 
1.35989 
1.36197 
1.3638 
1.36539 
1.36674 
1.36784 
1.3687 
1.36931 
1.36968 
1.3698 
1.36968 
1.36932 
1.36871 
1.36785 
1.36675 
1.36541 
1.36382 
1.36199 
1.35992 
1.3576 
1.35503 
1.35222 
1.34917 
1.34587 
1.34233 
1.33854 
1.33451 
1.33024 
1.32572 
1.32096 
1.31596 
1.31071 
1.30522 
1.29949 
1.29351 
1.28729 
1.28083 
1.27413 
1.26718 
1.26 
1.25257 
1.2449 
1.237 
1.22885 
1.22046 
1.21184 
1.20298 
1.19387 
1.18454 
1.17496 
1.16515 
1.15511 
1.14483 
1.13432 
1.12358 
1.1126 
1.10139 
1.08996 
1.07829 
1.0664 
1.05428 
1.04194 
1.02937 
1.01658 
1.00357 
0.990344 
0.976898 
0.963234 
0.949357 
0.935267 
0.920966 
0.906456 
0.89174 
0.876819 
0.861695 
0.846371 
0.830849 
0.815131 
0.79922 
0.783119 
0.76683 
0.750356 
0.7337 
0.716864 
0.699853 
0.682668 
0.665313 
0.647792 
0.630108 
0.612264 
0.594263 
0.576111 
0.557809 
0.539363 
0.520775 
0.502051 
0.483194 
0.464208 
0.445098 
0.425867 
0.406521 
0.387063 
0.367499 
0.347833 
0.32807 
0.308214 
0.28827 
0.268244 
0.248139 
0.227962 
0.207717 
0.18741 
0.167045 
0.146627 
0.126163 
0.105657 
0.0851145 
0.064541 
0.0439417 
0.0233221 
0.00268762 
-0.0179564 
-0.0386045 
-0.0592512 
-0.0798911 
-0.100519 
-0.121129 
-0.141716 
-0.162275 
-0.182799 
-0.203285 
-0.223726 
-0.244117 
-0.264454 
-0.28473 
-0.304941 
-0.325081 
-0.345145 
-0.365129 
-0.385027 
-0.404835 
-0.424547 
-0.444159 
-0.463666 
-0.483064 
-0.502348 
-0.521513 
-0.540554 
-0.559469 
-0.578252 
-0.596899 
-0.615406 
-0.633769 
-0.651984 
-0.670047 
-0.687955 
-0.705704 
-0.72329 
-0.74071 
-0.75796 
-0.775037 
-0.791939 
-0.80866 
-0.8252 
-0.841555 
-0.857721 
-0.873697 
-0.889479 
-0.905065 
-0.920452 
-0.935639 
-0.950622 
-0.9654 
-0.97997 
-0.99433 
-1.00848 
-1.02241 
-1.03613 
-1.04964 
-1.06292 
-1.07598 
-1.08882 
-1.10144 
-1.11383 
-1.126 
-1.13793 
-1.14964 
-1.16112 
-1.17237 
-1.18339 
-1.19417 
-1.20472 
-1.21503 
-1.22511 
-1.23495 
-1.24456 
-1.25393 
-1.26305 
-1.27194 
-1.28059 
-1.289 
-1.29717 
-1.3051 
-1.31278 
-1.32023 
-1.32743 
-1.33439 
-1.3411 
-1.34757 
-1.3538 
-1.35979 
-1.36553 
-1.37102 
-1.37628 
-1.38128 
-1.38604 
-1.39056 
-1.39483 
-1.39886 
-1.40264 
-1.40618 
-1.40947 
-1.41251 
-1.41531 
-1.41787 
-1.42017 
-1.42224 
-1.42405 
-1.42562 
-1.42695 
-1.42803 
-1.42886 
-1.42944 
-1.42978 
-1.42988 
-1.42973 
-1.42933 
-1.42869 
-1.4278 
-1.42666 
-1.42528 
-1.42365 
-1.42177 
-1.41965 
-1.41729 
-1.41468 
-1.41182 
-1.40872 
-1.40537 
-1.40177 
-1.39793 
-1.39384 
-1.38951 
-1.38493 
-1.38011 
-1.37504 
-1.36973 
-1.36417 
-1.35837 
-1.35232 
-1.34603 
-1.33949 
-1.33271 
-1.32569 
-1.31842 
-1.31091 
-1.30315 
-1.29516 
-1.28692 
-1.27844 
-1.26972 
-1.26076 
-1.25155 
-1.24211 
-1.23243 
-1.22251 
-1.21235 
-1.20196 
-1.19133 
-1.18046 
-1.16936 
-1.15803 
-1.14646 
-1.13466 
-1.12263 
-1.11037 
-1.09789 
-1.08517 
-1.07223 
-1.05907 
-1.04568 
-1.03207 
-1.01824 
-1.00419 
-0.98993 
-0.975453 
-0.960763 
-0.945862 
-0.930753 
-0.915437 
-0.899918 
-0.884196 
-0.868276 
-0.852158 
-0.835847 
-0.819343 
-0.802651 
-0.785773 
-0.768713 
-0.751472 
-0.734054 
-0.716463 
-0.698702 
-0.680774 
-0.662683 
-0.644433 
-0.626026 
-0.607467 
-0.58876 
-0.569909 
-0.550918 
-0.531791 
-0.512532 
-0.493145 
-0.473636 
-0.454007 
-0.434265 
-0.414414 
-0.394458 
-0.374402 
-0.354251 
-0.334011 
-0.313685 
-0.293279 
-0.272799 
-0.252248 
-0.231633 
-0.210959 
-0.190232 
-0.169455 
-0.148635 
-0.127778 
-0.106888 
-0.0859718 
-0.0650339 
-0.0440802 
-0.0231162 
-0.0021473 
0.0188208 
0.0397827 
0.0607328 
0.0816656 
0.102576 
0.123457 
0.144305 
0.165114 
0.185879 
0.206593 
0.227252 
0.24785 
0.268383 
0.288845 
0.30923 
0.329534 
0.349752 
0.369879 
0.38991 
0.409839 
0.429663 
0.449376 
0.468974 
0.488453 
0.507807 
0.527033 
0.546126 
0.565083 
0.583898 
0.602568 
0.621088 
0.639456 
0.657668 
0.675718 
0.693605 
0.711325 
0.728873 
0.746248 
0.763445 
0.780461 
0.797294 
0.813941 
0.830398 
0.846663 
0.862734 
0.878607 
0.894281 
0.909752 
0.925019 
0.94008 
0.954931 
0.969572 
0.984 
0.998213 
1.01221 
1.02599 
1.03955 
1.05288 
1.066 
1.07889 
1.09155 
1.10399 
1.1162 
1.12818 
1.13992 
1.15144 
1.16272 
1.17377 
1.18459 
1.19517 
1.20551 
1.21562 
1.22549 
1.23512 
1.24451 
1.25366 
1.26257 
1.27124 
1.27967 
1.28786 
1.29581 
1.30351 
1.31097 
1.31819 
1.32517 
1.3319 
1.33838 
1.34463 
1.35063 
1.35638 
1.36189 
1.36715 
1.37217 
1.37695 
1.38148 
1.38576 
1.3898 
1.39359 
1.39714 
1.40044 
1.4035 
1.40631 
1.40888 
1.4112 
1.41327 
1.4151 
1.41668 
1.41801 
1.4191 
1.41995 
1.42054 
1.4209 
1.421 
1.42086 
1.42048 
1.41985 
1.41897 
1.41784 
1.41648 
1.41486 
1.413 
1.4109 
1.40854 
1.40595 
1.4031 
1.40002 
1.39668 
1.39311 
1.38928 
1.38521 
1.3809 
1.37634 
1.37154 
1.3665 
1.36121 
1.35567 
1.34989 
1.34387 
1.33761 
1.3311 
1.32435 
1.31735 
1.31012 
1.30264 
1.29493 
1.28697 
1.27877 
1.27033 
1.26165 
1.25274 
1.24358 
1.23419 
1.22456 
1.2147 
1.2046 
1.19427 
1.1837 
1.1729 
1.16187 
1.15061 
1.13912 
1.1274 
1.11545 
1.10328 
1.09088 
1.07827 
1.06542 
1.05236 
1.03909 
1.02559 
1.01188 
0.997958 
0.983823 
0.96948 
0.954929 
0.940174 
0.925215 
0.910056 
0.894699 
0.879147 
0.863401 
0.847466 
0.831342 
0.815034 
0.798544 
0.781874 
0.76503 
0.748012 
0.730825 
0.713472 
0.695957 
0.678282 
0.660452 
0.64247 
0.624341 
0.606067 
0.587654 
0.569104 
0.550422 
0.531613 
0.512681 
0.493629 
0.474463 
0.455187 
0.435805 
0.416323 
0.396745 
0.377075 
0.357319 
0.337481 
0.317567 
0.297582 
0.27753 
0.257416 
0.237247 
0.217026 
0.196759 
0.176452 
0.15611 
0.135738 
0.115341 
0.0949251 
0.0744951 
0.0540566 
0.0336149 
0.0131753 
-0.00725665 
-0.0276757 
-0.0480765 
-0.0684537 
-0.088802 
-0.109116 
-0.129391 
-0.149621 
-0.169801 
-0.189926 
-0.209991 
-0.22999 
-0.24992 
-0.269774 
-0.289548 
-0.309237 
-0.328836 
-0.34834 
-0.367745 
-0.387047 
-0.40624 
-0.42532 
-0.444282 
-0.463123 
-0.481839 
-0.500424 
-0.518875 
-0.537188 
-0.55536 
-0.573385 
-0.591261 
-0.608983 
-0.626549 
-0.643955 
-0.661196 
-0.678271 
-0.695176 
-0.711907 
-0.728462 
-0.744837 
-0.761031 
-0.777039 
-0.79286 
-0.80849 
-0.823927 
-0.839169 
-0.854214 
-0.869058 
-0.883701 
-0.898139 
-0.91237 
-0.926394 
-0.940207 
-0.953809 
-0.967196 
-0.980368 
-0.993324 
-1.00606 
-1.01858 
-1.03087 
-1.04294 
-1.05479 
-1.06642 
-1.07781 
-1.08898 
-1.09992 
-1.11063 
-1.12111 
-1.13136 
-1.14138 
-1.15116 
-1.16071 
-1.17002 
-1.1791 
-1.18795 
-1.19655 
-1.20492 
-1.21305 
-1.22095 
-1.2286 
-1.23602 
-1.24319 
-1.25013 
-1.25683 
-1.26328 
-1.2695 
-1.27547 
-1.2812 
-1.28669 
-1.29194 
-1.29694 
-1.30171 
-1.30623 
-1.31051 
-1.31454 
-1.31834 
-1.32189 
-1.32519 
-1.32826 
-1.33108 
-1.33365 
-1.33599 
-1.33808 
-1.33992 
-1.34152 
-1.34288 
-1.344 
-1.34487 
-1.3455 
-1.34589 
-1.34603 
-1.34593 
-1.34558 
-1.34499 
-1.34416 
-1.34309 
-1.34177 
-1.34021 
-1.33841 
-1.33636 
-1.33407 
-1.33154 
-1.32877 
-1.32575 
-1.32249 
-1.319 
-1.31526 
-1.31128 
-1.30705 
-1.30259 
-1.29789 
-1.29294 
-1.28776 
-1.28234 
-1.27668 
-1.27078 
-1.26464 
-1.25827 
-1.25166 
-1.24481 
-1.23772 
-1.2304 
-1.22285 
-1.21506 
-1.20704 
-1.19878 
-1.1903 
-1.18158 
-1.17263 
-1.16345 
-1.15405 
-1.14442 
-1.13456 
-1.12447 
-1.11416 
-1.10363 
-1.09288 
-1.08191 
-1.07072 
-1.05931 
-1.04768 
-1.03584 
-1.02379 
-1.01153 
-0.999053 
-0.986372 
-0.973486 
-0.960396 
-0.947105 
-0.933613 
-0.919924 
-0.90604 
-0.891964 
-0.877696 
-0.863241 
-0.8486 
-0.833776 
-0.818772 
-0.803591 
-0.788235 
-0.772708 
-0.757012 
-0.74115 
-0.725126 
-0.708944 
-0.692605 
-0.676114 
-0.659474 
-0.642689 
-0.625762 
-0.608698 
-0.591499 
-0.57417 
-0.556714 
-0.539136 
-0.52144 
-0.50363 
-0.485709 
-0.467683 
-0.449556 
-0.431332 
-0.413015 
-0.39461 
-0.376121 
-0.357554 
-0.338912 
-0.320201 
-0.301425 
-0.282589 
-0.263698 
-0.244756 
-0.225769 
-0.206741 
-0.187677 
-0.168583 
-0.149463 
-0.130322 
-0.111165 
-0.0919971 
-0.0728235 
-0.0536491 
-0.0344787 
-0.0153175 
0.00382964 
0.0229577 
0.0420618 
0.061137 
0.0801783 
0.0991809 
0.11814 
0.13705 
0.155908 
0.174707 
0.193444 
0.212114 
0.230712 
0.249233 
0.267673 
0.286028 
0.304292 
0.322463 
0.340535 
0.358504 
0.376367 
0.394118 
0.411754 
0.429272 
0.446666 
0.463934 
0.481071 
0.498074 
0.514939 
0.531663 
0.548242 
0.564673 
0.580953 
0.597078 
0.613045 
0.628851 
0.644494 
0.659969 
0.675275 
0.690408 
0.705367 
0.720147 
0.734748 
0.749166 
0.763398 
0.777443 
0.791299 
0.804963 
0.818433 
0.831706 
0.844782 
0.857658 
0.870333 
0.882804 
0.89507 
0.907129 
0.91898 
0.930621 
0.942051 
0.953268 
0.964271 
0.975058 
0.985629 
0.995983 
1.00612 
1.01603 
1.02573 
1.0352 
1.04445 
1.05347 
1.06227 
1.07084 
1.07919 
1.08731 
1.09521 
1.10287 
1.11031 
1.11752 
1.12449 
1.13124 
1.13775 
1.14404 
1.15009 
1.15591 
1.16149 
1.16684 
1.17196 
1.17685 
1.1815 
1.18591 
1.1901 
1.19404 
1.19775 
1.20123 
1.20447 
1.20748 
1.21025 
1.21278 
1.21508 
1.21714 
1.21897 
1.22056 
1.22192 
1.22303 
1.22392 
1.22456 
1.22497 
1.22515 
1.22509 
1.22479 
1.22426 
1.22349 
1.22249 
1.22126 
1.21978 
1.21808 
1.21614 
1.21396 
1.21155 
1.20891 
1.20604 
1.20293 
1.19959 
1.19602 
1.19221 
1.18818 
1.18391 
1.17942 
1.17469 
1.16974 
1.16455 
1.15914 
1.1535 
1.14764 
1.14155 
1.13523 
1.12869 
1.12193 
1.11494 
1.10773 
1.1003 
1.09265 
1.08478 
1.0767 
1.06839 
1.05987 
1.05114 
1.04219 
1.03304 
1.02367 
1.01409 
1.0043 
0.994309 
0.984112 
0.973711 
0.963109 
0.952308 
0.941308 
0.930112 
0.918721 
0.907139 
0.895366 
0.883404 
0.871257 
0.858926 
0.846412 
0.83372 
0.820851 
0.807807 
0.794591 
0.781205 
0.767653 
0.753937 
0.740059 
0.726023 
0.711832 
0.697488 
0.682995 
0.668355 
0.653572 
0.638649 
0.623589 
0.608396 
0.593073 
0.577624 
0.562052 
0.54636 
0.530553 
0.514635 
0.498608 
0.482476 
0.466245 
0.449917 
0.433496 
0.416987 
0.400393 
0.38372 
0.36697 
0.350148 
0.333258 
0.316305 
0.299293 
0.282225 
0.265108 
0.247944 
0.230738 
0.213496 
0.19622 
0.178916 
0.161588 
0.14424 
0.126878 
0.109505 
0.0921254 
0.0747447 
0.0573669 
0.0399966 
0.0226381 
0.00529591 
-0.0120255 
-0.0293217 
-0.0465883 
-0.0638209 
-0.0810152 
-0.0981669 
-0.115272 
-0.132325 
-0.149323 
-0.166261 
-0.183136 
-0.199942 
-0.216676 
-0.233335 
-0.249913 
-0.266407 
-0.282813 
-0.299127 
-0.315346 
-0.331466 
-0.347482 
-0.363392 
-0.379192 
-0.394878 
-0.410447 
-0.425895 
-0.441219 
-0.456416 
-0.471483 
-0.486416 
-0.501212 
-0.515869 
-0.530383 
-0.544752 
-0.558973 
-0.573042 
-0.586957 
-0.600716 
-0.614316 
-0.627755 
-0.64103 
-0.654138 
-0.667078 
-0.679846 
-0.692442 
-0.704863 
-0.717106 
-0.72917 
-0.741052 
-0.752752 
-0.764266 
-0.775594 
-0.786733 
-0.797682 
-0.80844 
-0.819004 
-0.829373 
-0.839547 
-0.849522 
-0.859299 
-0.868875 
-0.87825 
-0.887422 
-0.89639 
-0.905153 
-0.91371 
-0.92206 
-0.930202 
-0.938136 
-0.945859 
-0.953371 
-0.960672 
-0.967761 
-0.974636 
-0.981298 
-0.987746 
-0.993978 
-0.999995 
-1.0058 
-1.01138 
-1.01675 
-1.02189 
-1.02682 
-1.03154 
-1.03603 
-1.0403 
-1.04436 
-1.04819 
-1.05181 
-1.0552 
-1.05837 
-1.06132 
-1.06406 
-1.06657 
-1.06886 
-1.07092 
-1.07277 
-1.07439 
-1.0758 
-1.07698 
-1.07794 
-1.07868 
-1.0792 
-1.07949 
-1.07957 
-1.07943 
-1.07906 
-1.07847 
-1.07767 
-1.07664 
-1.0754 
-1.07393 
-1.07225 
-1.07034 
-1.06822 
-1.06589 
-1.06333 
-1.06056 
-1.05757 
-1.05436 
-1.05094 
-1.04731 
-1.04346 
-1.0394 
-1.03512 
-1.03063 
-1.02593 
-1.02103 
-1.01591 
-1.01058 
-1.00504 
-0.999302 
-0.993353 
-0.9872 
-0.980843 
-0.974283 
-0.967521 
-0.960558 
-0.953397 
-0.946037 
-0.93848 
-0.930728 
-0.922781 
-0.914642 
-0.906312 
-0.897792 
-0.889085 
-0.88019 
-0.871111 
-0.861848 
-0.852405 
-0.842781 
-0.83298 
-0.823004 
-0.812853 
-0.802531 
-0.792039 
-0.781379 
-0.770554 
-0.759565 
-0.748416 
-0.737108 
-0.725644 
-0.714026 
-0.702257 
-0.690339 
-0.678275 
-0.666068 
-0.653719 
-0.641233 
-0.628611 
-0.615857 
-0.602974 
-0.589964 
-0.57683 
-0.563576 
-0.550205 
-0.536719 
-0.523123 
-0.509418 
-0.49561 
-0.4817 
-0.467692 
-0.453589 
-0.439396 
-0.425116 
-0.410751 
-0.396306 
-0.381785 
-0.36719 
-0.352525 
-0.337795 
-0.323003 
-0.308153 
-0.293248 
-0.278292 
-0.263289 
-0.248243 
-0.233157 
-0.218037 
-0.202884 
-0.187704 
-0.1725 
-0.157276 
-0.142036 
-0.126784 
-0.111524 
-0.0962598 
-0.080995 
-0.0657336 
-0.0504796 
-0.0352369 
-0.0200093 
-0.00480078 
0.010385 
0.025544 
0.0406726 
0.0557669 
0.0708232 
0.0858378 
0.100807 
0.115727 
0.130594 
0.145404 
0.160155 
0.174842 
0.189462 
0.204011 
0.218486 
0.232884 
0.247201 
0.261433 
0.275578 
0.289633 
0.303593 
0.317457 
0.33122 
0.34488 
0.358434 
0.371878 
0.38521 
0.398428 
0.411527 
0.424506 
0.437362 
0.450092 
0.462693 
0.475163 
0.487499 
0.499699 
0.511761 
0.523682 
0.53546 
0.547093 
0.558578 
0.569913 
0.581096 
0.592126 
0.603 
0.613716 
0.624273 
0.634668 
0.644899 
0.654966 
0.664867 
0.674599 
0.684161 
0.693552 
0.70277 
0.711813 
0.720681 
0.729372 
0.737884 
0.746217 
0.754369 
0.762339 
0.770125 
0.777728 
0.785145 
0.792376 
0.799419 
0.806275 
0.812941 
0.819417 
0.825703 
0.831797 
0.837699 
0.843407 
0.848923 
0.854243 
0.859369 
0.8643 
0.869035 
0.873573 
0.877914 
0.882058 
0.886005 
0.889753 
0.893303 
0.896654 
0.899806 
0.902759 
0.905512 
0.908066 
0.91042 
0.912574 
0.914529 
0.916283 
0.917837 
0.919191 
0.920346 
0.9213 
0.922054 
0.922609 
0.922964 
0.92312 
0.923076 
0.922834 
0.922392 
0.921753 
0.920915 
0.91988 
0.918647 
0.917217 
0.915591 
0.913768 
0.911751 
0.909538 
0.907131 
0.90453 
0.901736 
0.898749 
0.89557 
0.892201 
0.888641 
0.884892 
0.880953 
0.876828 
0.872515 
0.868016 
0.863332 
0.858464 
0.853413 
0.84818 
0.842767 
0.837174 
0.831402 
0.825453 
0.819328 
0.813029 
0.806556 
0.799912 
0.793097 
0.786113 
0.778961 
0.771644 
0.764162 
0.756518 
0.748712 
0.740747 
0.732624 
0.724346 
0.715914 
0.707329 
0.698594 
0.689712 
0.680683 
0.671509 
0.662194 
0.652739 
0.643146 
0.633417 
0.623555 
0.613562 
0.603441 
0.593193 
0.582821 
0.572328 
0.561716 
0.550988 
0.540145 
0.529192 
0.51813 
0.506962 
0.495691 
0.484319 
0.47285 
0.461286 
0.449631 
0.437886 
0.426055 
0.414141 
0.402147 
0.390075 
0.377929 
0.365713 
0.353428 
0.341078 
0.328667 
0.316197 
0.303671 
0.291093 
0.278466 
0.265793 
0.253078 
0.240323 
0.227532 
0.214708 
0.201855 
0.188975 
0.176073 
0.16315 
0.150211 
0.137259 
0.124298 
0.111329 
0.098358 
0.0853866 
0.0724186 
0.0594572 
0.0465057 
0.0335674 
0.0206455 
0.0077432 
-0.00513619 
-0.0179895 
-0.0308135 
-0.0436051 
-0.0563611 
-0.0690784 
-0.0817539 
-0.0943844 
-0.106967 
-0.119499 
-0.131976 
-0.144397 
-0.156757 
-0.169055 
-0.181287 
-0.19345 
-0.205542 
-0.217559 
-0.229499 
-0.24136 
-0.253138 
-0.264831 
-0.276437 
-0.287952 
-0.299374 
-0.310701 
-0.32193 
-0.333058 
-0.344084 
-0.355005 
-0.365819 
-0.376523 
-0.387115 
-0.397594 
-0.407956 
-0.4182 
-0.428323 
-0.438325 
-0.448202 
-0.457952 
-0.467575 
-0.477068 
-0.486429 
-0.495656 
-0.504748 
-0.513704 
-0.52252 
-0.531197 
-0.539732 
-0.548123 
-0.55637 
-0.564471 
-0.572424 
-0.580228 
-0.587882 
-0.595385 
-0.602735 
-0.609931 
-0.616972 
-0.623857 
-0.630585 
-0.637154 
-0.643564 
-0.649814 
-0.655903 
-0.66183 
-0.667594 
-0.673194 
-0.67863 
-0.6839 
-0.689005 
-0.693943 
-0.698714 
-0.703317 
-0.707751 
-0.712017 
-0.716113 
-0.720039 
-0.723795 
-0.72738 
-0.730794 
-0.734037 
-0.737108 
-0.740006 
-0.742733 
-0.745287 
-0.747668 
-0.749877 
-0.751913 
-0.753775 
-0.755465 
-0.756982 
-0.758325 
-0.759496 
-0.760493 
-0.761318 
-0.76197 
-0.76245 
-0.762757 
-0.762892 
-0.762855 
-0.762647 
-0.762268 
-0.761717 
-0.760996 
-0.760105 
-0.759044 
-0.757814 
-0.756415 
-0.754848 
-0.753114 
-0.751212 
-0.749145 
-0.746911 
-0.744512 
-0.741949 
-0.739223 
-0.736333 
-0.733282 
-0.73007 
-0.726697 
-0.723165 
-0.719475 
-0.715627 
-0.711623 
-0.707464 
-0.70315 
-0.698684 
-0.694065 
-0.689295 
-0.684376 
-0.679308 
-0.674094 
-0.668733 
-0.663228 
-0.657581 
-0.651791 
-0.645861 
-0.639793 
-0.633587 
-0.627245 
-0.62077 
-0.614162 
-0.607423 
-0.600555 
-0.593559 
-0.586438 
-0.579193 
-0.571826 
-0.564338 
-0.556732 
-0.54901 
-0.541173 
-0.533223 
-0.525163 
-0.516994 
-0.508719 
-0.500339 
-0.491857 
-0.483274 
-0.474594 
-0.465818 
-0.456948 
-0.447987 
-0.438937 
-0.4298 
-0.420579 
-0.411275 
-0.401892 
-0.392432 
-0.382897 
-0.373289 
-0.363612 
-0.353867 
-0.344057 
-0.334184 
-0.324252 
-0.314262 
-0.304218 
-0.294121 
-0.283975 
-0.273782 
-0.263544 
-0.253265 
-0.242947 
-0.232592 
-0.222203 
-0.211784 
-0.201336 
-0.190862 
-0.180365 
-0.169848 
-0.159313 
-0.148763 
-0.138201 
-0.127629 
-0.11705 
-0.106467 
-0.0958827 
-0.0852992 
-0.0747195 
-0.0641462 
-0.053582 
-0.0430295 
-0.0324914 
-0.0219702 
-0.0114686 
-0.000989191 
0.00946548 
0.0198928 
0.0302903 
0.0406554 
0.0509856 
0.0612783 
0.0715312 
0.0817417 
0.0919074 
0.102026 
0.112095 
0.122112 
0.132074 
0.14198 
0.151827 
0.161613 
0.171335 
0.180992 
0.190581 
0.2001 
0.209546 
0.218919 
0.228215 
0.237432 
0.246569 
0.255624 
0.264594 
0.273478 
0.282274 
0.29098 
0.299594 
0.308114 
0.316539 
0.324866 
0.333095 
0.341223 
0.349249 
0.357171 
0.364988 
0.372698 
0.3803 
0.387792 
0.395172 
0.40244 
0.409594 
0.416632 
0.423554 
0.430358 
0.437042 
0.443606 
0.450049 
0.456369 
0.462566 
0.468637 
0.474583 
0.480402 
0.486093 
0.491655 
0.497088 
0.50239 
0.507561 
0.5126 
0.517506 
0.522279 
0.526917 
0.53142 
0.535788 
0.540019 
0.544114 
0.548071 
0.55189 
0.555571 
0.559114 
0.562517 
0.56578 
0.568904 
0.571887 
0.57473 
0.577432 
0.579993 
0.582413 
0.584691 
0.586828 
0.588823 
0.590676 
0.592387 
0.593957 
0.595384 
0.59667 
0.597814 
0.598817 
0.599677 
0.600397 
0.600975 
0.601412 
0.601708 
0.601864 
0.601879 
0.601755 
0.601491 
0.601087 
0.600545 
0.599865 
0.599047 
0.598091 
0.596998 
0.595769 
0.594404 
0.592904 
0.591269 
0.589501 
0.587599 
0.585565 
0.583399 
0.581102 
0.578674 
0.576118 
0.573433 
0.57062 
0.56768 
0.564615 
0.561425 
0.558111 
0.554674 
0.551115 
0.547436 
0.543637 
0.53972 
0.535685 
0.531534 
0.527268 
0.522888 
0.518396 
0.513793 
0.509079 
0.504258 
0.499328 
0.494294 
0.489154 
0.483912 
0.478568 
0.473125 
0.467582 
0.461943 
0.456208 
0.450379 
0.444458 
0.438447 
0.432346 
0.426158 
0.419884 
0.413527 
0.407087 
0.400566 
0.393967 
0.387291 
0.380539 
0.373715 
0.366819 
0.359853 
0.352819 
0.34572 
0.338556 
0.33133 
0.324045 
0.316701 
0.309301 
0.301846 
0.294339 
0.286782 
0.279177 
0.271525 
0.26383 
0.256091 
0.248313 
0.240497 
0.232644 
0.224758 
0.216839 
0.208891 
0.200915 
0.192913 
0.184888 
0.176841 
0.168774 
0.16069 
0.152591 
0.144478 
0.136355 
0.128222 
0.120083 
0.111938 
0.103791 
0.0956426 
0.0874958 
0.0793523 
0.0712142 
0.0630835 
0.0549623 
0.0468525 
0.0387562 
0.0306755 
0.0226122 
0.0145683 
0.00654586 
-0.00145321 
-0.00942697 
-0.0173735 
-0.0252909 
-0.0331772 
-0.0410306 
-0.0488492 
-0.0566312 
-0.0643747 
-0.0720779 
-0.0797391 
-0.0873564 
-0.094928 
-0.102452 
-0.109928 
-0.117352 
-0.124724 
-0.132042 
-0.139304 
-0.146509 
-0.153655 
-0.160741 
-0.167764 
-0.174724 
-0.181619 
-0.188447 
-0.195207 
-0.201898 
-0.208518 
-0.215066 
-0.22154 
-0.22794 
-0.234263 
-0.240509 
-0.246676 
-0.252763 
-0.258769 
-0.264693 
-0.270533 
-0.276289 
-0.281958 
-0.287542 
-0.293037 
-0.298444 
-0.303761 
-0.308987 
-0.314121 
-0.319163 
-0.324111 
-0.328965 
-0.333724 
-0.338387 
-0.342953 
-0.347422 
-0.351793 
-0.356064 
-0.360236 
-0.364308 
-0.368279 
-0.372148 
-0.375916 
-0.379581 
-0.383143 
-0.386601 
-0.389956 
-0.393206 
-0.396351 
-0.399391 
-0.402326 
-0.405155 
-0.407877 
-0.410494 
-0.413003 
-0.415406 
-0.417701 
-0.41989 
-0.42197 
-0.423944 
-0.425809 
-0.427567 
-0.429218 
-0.43076 
-0.432195 
-0.433522 
-0.434741 
-0.435853 
-0.436857 
-0.437754 
-0.438544 
-0.439226 
-0.439802 
-0.440272 
-0.440634 
-0.440891 
-0.441042 
-0.441088 
-0.441028 
-0.440864 
-0.440595 
-0.440222 
-0.439746 
-0.439167 
-0.438485 
-0.437701 
-0.436816 
-0.435829 
-0.434743 
-0.433556 
-0.43227 
-0.430886 
-0.429403 
-0.427824 
-0.426148 
-0.424376 
-0.422509 
-0.420548 
-0.418493 
-0.416345 
-0.414106 
-0.411776 
-0.409355 
-0.406846 
-0.404248 
-0.401562 
-0.39879 
-0.395932 
-0.39299 
-0.389965 
-0.386857 
-0.383667 
-0.380397 
-0.377048 
-0.37362 
-0.370116 
-0.366535 
-0.362879 
-0.35915 
-0.355348 
-0.351475 
-0.347532 
-0.343519 
-0.339439 
-0.335293 
-0.331081 
-0.326806 
-0.322468 
-0.318068 
-0.313609 
-0.309091 
-0.304515 
-0.299884 
-0.295198 
-0.290458 
-0.285667 
-0.280825 
-0.275935 
-0.270996 
-0.266011 
-0.260982 
-0.255909 
-0.250794 
-0.245639 
-0.240444 
-0.235212 
-0.229944 
-0.224641 
-0.219306 
-0.213938 
-0.20854 
-0.203114 
-0.19766 
-0.19218 
-0.186677 
-0.18115 
-0.175603 
-0.170035 
-0.164449 
-0.158847 
-0.153229 
-0.147598 
-0.141954 
-0.1363 
-0.130636 
-0.124964 
-0.119287 
-0.113604 
-0.107918 
-0.10223 
-0.0965417 
-0.0908544 
-0.0851695 
-0.0794886 
-0.0738131 
-0.0681443 
-0.0624838 
-0.0568329 
-0.051193 
-0.0455656 
-0.039952 
-0.0343535 
-0.0287716 
-0.0232077 
-0.017663 
-0.0121388 
-0.00663662 
-0.00115762 
0.00429686 
0.00972555 
0.0151272 
0.0205005 
0.0258442 
0.0311571 
0.0364381 
0.0416858 
0.0468991 
0.0520769 
0.0572179 
0.0623211 
0.0673853 
0.0724094 
0.0773924 
0.0823331 
0.0872305 
0.0920835 
0.0968912 
0.101653 
0.106366 
0.111032 
0.115648 
0.120215 
0.12473 
0.129193 
0.133603 
0.137959 
0.142261 
0.146507 
0.150697 
0.154831 
0.158906 
0.162923 
0.16688 
0.170778 
0.174615 
0.178391 
0.182105 
0.185756 
0.189344 
0.192869 
0.196329 
0.199724 
0.203054 
0.206318 
0.209515 
0.212646 
0.21571 
0.218705 
0.221633 
0.224492 
0.227282 
0.230003 
0.232654 
0.235236 
0.237747 
0.240188 
0.242559 
0.244858 
0.247086 
0.249243 
0.251329 
0.253343 
0.255285 
0.257155 
0.258954 
0.26068 
0.262334 
0.263916 
0.265427 
0.266864 
0.26823 
0.269524 
0.270746 
0.271896 
0.272974 
0.27398 
0.274915 
0.275778 
0.27657 
0.277291 
0.277941 
0.27852 
0.279029 
0.279467 
0.279836 
0.280135 
0.280365 
0.280526 
0.280618 
0.280642 
0.280598 
0.280487 
0.280308 
0.280063 
0.279751 
0.279373 
0.27893 
0.278422 
0.27785 
0.277214 
0.276515 
0.275752 
0.274928 
0.274041 
0.273094 
0.272086 
0.271018 
0.26989 
0.268704 
0.26746 
0.266159 
0.264801 
0.263387 
0.261917 
0.260393 
0.258815 
0.257183 
0.2555 
0.253764 
0.251978 
0.250141 
0.248255 
0.24632 
0.244338 
0.242308 
0.240232 
0.238111 
0.235945 
0.233736 
0.231484 
0.229189 
0.226854 
0.224478 
0.222063 
0.21961 
0.217118 
0.21459 
0.212026 
0.209428 
0.206795 
0.204129 
0.201431 
0.198702 
0.195942 
0.193153 
0.190336 
0.187491 
0.184619 
0.181722 
0.1788 
0.175854 
0.172885 
0.169895 
0.166884 
0.163852 
0.160802 
0.157734 
0.154648 
0.151546 
0.148429 
0.145298 
0.142154 
0.138997 
0.135828 
0.13265 
0.129461 
0.126264 
0.123059 
0.119848 
0.11663 
0.113408 
0.110181 
0.106952 
0.10372 
0.100487 
0.097253 
0.0940198 
0.090788 
0.0875584 
0.0843319 
0.0811093 
0.0778915 
0.0746794 
0.0714737 
0.0682753 
0.0650851 
0.0619038 
0.0587323 
0.0555713 
0.0524217 
0.0492842 
0.0461596 
0.0430486 
0.0399521 
0.0368708 
0.0338053 
0.0307564 
0.0277249 
0.0247114 
0.0217166 
0.0187413 
0.015786 
0.0128514 
0.00993818 
0.00704699 
0.00417844 
0.00133314 
-0.00148831 
-0.00428532 
-0.00705732 
-0.00980375 
-0.012524 
-0.0152177 
-0.0178841 
-0.0205228 
-0.0231333 
-0.0257151 
-0.0282677 
-0.0307907 
-0.0332836 
-0.0357459 
-0.0381773 
-0.0405773 
-0.0429456 
-0.0452817 
-0.0475853 
-0.049856 
-0.0520935 
-0.0542975 
-0.0564676 
-0.0586035 
-0.0607049 
-0.0627716 
-0.0648032 
-0.0667996 
-0.0687606 
-0.0706857 
-0.072575 
-0.0744281 
-0.0762449 
-0.0780253 
-0.0797689 
-0.0814758 
-0.0831458 
-0.0847788 
-0.0863746 
-0.0879331 
-0.0894544 
-0.0909382 
-0.0923847 
-0.0937937 
-0.0951651 
-0.0964991 
-0.0977956 
-0.0990545 
-0.100276 
-0.10146 
-0.102607 
-0.103716 
-0.104788 
-0.105823 
-0.10682 
-0.107781 
-0.108705 
-0.109592 
-0.110443 
-0.111257 
-0.112035 
-0.112776 
-0.113482 
-0.114152 
-0.114787 
-0.115386 
-0.11595 
-0.11648 
-0.116974 
-0.117435 
-0.117861 
-0.118254 
-0.118613 
-0.118939 
-0.119232 
-0.119492 
-0.11972 
-0.119916 
-0.120081 
-0.120214 
-0.120317 
-0.120389 
-0.12043 
-0.120442 
-0.120425 
-0.120379 
-0.120304 
-0.1202 
-0.120069 
-0.119911 
-0.119726 
-0.119514 
-0.119276 
-0.119012 
-0.118724 
-0.11841 
-0.118073 
-0.117711 
-0.117326 
-0.116919 
-0.116489 
-0.116037 
-0.115563 
-0.115069 
-0.114554 
-0.114019 
-0.113465 
-0.112892 
-0.112301 
-0.111691 
-0.111064 
-0.11042 
-0.10976 
-0.109084 
-0.108392 
-0.107686 
-0.106965 
-0.10623 
-0.105482 
-0.104722 
-0.103948 
-0.103164 
-0.102368 
-0.101561 
-0.100744 
-0.0999167 
-0.0990807 
-0.098236 
-0.0973831 
-0.0965225 
-0.0956548 
-0.0947803 
-0.0938998 
-0.0930135 
-0.0921221 
-0.091226 
-0.0903257 
-0.0894217 
-0.0885145 
-0.0876045 
-0.0866923 
-0.0857782 
-0.0848629 
-0.0839466 
-0.08303 
-0.0821134 
-0.0811973 
-0.0802821 
-0.0793683 
-0.0784563 
-0.0775465 
-0.0766393 
-0.0757352 
-0.0748346 
-0.0739379 
-0.0730454 
-0.0721576 
-0.0712748 
-0.0703974 
-0.0695259 
-0.0686604 
-0.0678015 
-0.0669494 
-0.0661045 
-0.0652671 
-0.0644376 
-0.0636162 
-0.0628033 
-0.0619992 
-0.0612041 
-0.0604184 
-0.0596423 
-0.0588761 
-0.0581201 
-0.0573745 
-0.0566395 
-0.0559154 
-0.0552024 
-0.0545007 
-0.0538106 
-0.0531322 
-0.0524657 
-0.0518114 
-0.0511693 
-0.0505396 
-0.0499225 
-0.0493182 
-0.0487267 
-0.0481483 
-0.0475829 
-0.0470308 
-0.0464919 
-0.0459665 
-0.0454546 
-0.0449562 
-0.0444714 
-0.0440003 
-0.0435429 
-0.0430992 
-0.0426693 
-0.0422532 
-0.0418508 
-0.0414622 
-0.0410873 
-0.0407262 
-0.0403788 
-0.0400451 
-0.0397249 
-0.0394183 
-0.0391252 
-0.0388454 
-0.038579 
-0.0383258 
-0.0380856 
-0.0378585 
-0.0376443 
-0.0374428 
-0.0372538 
-0.0370774 
-0.0369132 
-0.0367612 
-0.0366211 
-0.0364928 
-0.0363761 
-0.0362708 
-0.0361766 
-0.0360935 
-0.0360211 
-0.0359592 
-0.0359076 
-0.0358661 
-0.0358343 
-0.0358121 
-0.0357992 
-0.0357953 
-0.0358002 
-0.0358135 
-0.0358349 
-0.0358643 
-0.0359012 
-0.0359454 
-0.0359965 
-0.0360543 
-0.0361183 
-0.0361884 
-0.0362641 
-0.0363451 
-0.0364311 
-0.0365217 
-0.0366165 
-0.0367153 
-0.0368176 
-0.0369231 
-0.0370315 
-0.0371422 
-0.0372551 
-0.0373696 
-0.0374854 
-0.0376021 
-0.0377194 
-0.0378368 
-0.037954 
-0.0380706 
-0.038186 
-0.0383001 
-0.0384123 
-0.0385223 
-0.0386296 
-0.0387339 
-0.0388348 
-0.0389317 
-0.0390245 
-0.0391125 
-0.0391955 
-0.0392731 
-0.0393447 
-0.03941 
-0.0394687 
-0.0395203 
-0.0395644 
-0.0396005 
-0.0396284 
-0.0396476 
-0.0396577 
-0.0396584 
-0.0396491 
-0.0396296 
-0.0395995 
-0.0395583 
-0.0395057 
-0.0394413 
-0.0393648 
-0.0392757 
-0.0391738 
-0.0390585 
-0.0389297 
-0.0387869 
-0.0386298 
-0.038458 
-0.0382712 
-0.038069 
-0.0378512 
-0.0376174 
-0.0373673 
-0.0371006 
-0.0368169 
-0.036516 
-0.0361976 
-0.0358613 
-0.035507 
-0.0351343 
-0.0347429 
-0.0343326 
-0.0339032 
-0.0334544 
-0.032986 
-0.0324976 
-0.0319892 
-0.0314604 
-0.0309112 
-0.0303412 
-0.0297503 
-0.0291383 
-0.028505 
-0.0278503 
-0.027174 
-0.026476 
-0.025756 
-0.0250141 
-0.02425 
-0.0234637 
-0.022655 
-0.0218239 
-0.0209703 
-0.020094 
-0.0191951 
-0.0182735 
-0.0173292 
-0.016362 
-0.0153721 
-0.0143593 
-0.0133236 
-0.0122652 
-0.0111839 
-0.0100799 
-0.00895313 
-0.00780367 
-0.00663158 
-0.00543693 
-0.0042198 
-0.00298028 
-0.00171849 
-0.000434521 
0.000871492 
0.00219942 
0.0035491 
0.0049204 
0.00631314 
0.00772714 
0.00916221 
0.0106182 
0.0120948 
0.0135918 
0.0151091 
0.0166463 
0.0182032 
0.0197796 
0.0213751 
0.0229896 
0.0246226 
0.0262739 
0.0279431 
0.02963 
0.0313342 
0.0330554 
0.0347931 
0.036547 
0.0383168 
0.040102 
0.0419023 
0.0437173 
0.0455464 
0.0473893 
0.0492456 
0.0511148 
0.0529965 
0.0548901 
0.0567953 
0.0587114 
0.0606381 
0.0625749 
0.0645211 
0.0664764 
0.0684401 
0.0704117 
0.0723908 
0.0743767 
0.0763689 
0.0783668 
0.0803698 
0.0823774 
0.084389 
0.086404 
0.0884217 
0.0904416 
0.0924631 
0.0944854 
0.0965081 
0.0985305 
0.100552 
0.102572 
0.104589 
0.106604 
0.108615 
0.110622 
0.112624 
0.11462 
0.11661 
0.118593 
0.120569 
0.122536 
0.124495 
0.126443 
0.128382 
0.130309 
0.132224 
0.134127 
0.136017 
0.137893 
0.139754 
0.141601 
0.143431 
0.145244 
0.14704 
0.148818 
0.150577 
0.152317 
0.154036 
0.155735 
0.157412 
0.159066 
0.160698 
0.162306 
0.163889 
0.165447 
0.16698 
0.168485 
0.169964 
0.171415 
0.172838 
0.174231 
0.175594 
0.176927 
0.178228 
0.179498 
0.180735 
0.181939 
0.183109 
0.184245 
0.185346 
0.186411 
0.18744 
0.188432 
0.189386 
0.190302 
0.19118 
0.192018 
0.192817 
0.193575 
0.194292 
0.194968 
0.195602 
0.196193 
0.196741 
0.197246 
0.197706 
0.198122 
0.198493 
0.198818 
0.199098 
0.199331 
0.199517 
0.199656 
0.199747 
0.19979 
0.199784 
0.19973 
0.199626 
0.199473 
0.199269 
0.199016 
0.198711 
0.198356 
0.19795 
0.197492 
0.196982 
0.196421 
0.195807 
0.19514 
0.194421 
0.193649 
0.192824 
0.191945 
0.191013 
0.190028 
0.188988 
0.187895 
0.186748 
0.185547 
0.184291 
0.182982 
0.181618 
0.180201 
0.178728 
0.177202 
0.175622 
0.173987 
0.172298 
0.170555 
0.168758 
0.166907 
0.165003 
0.163044 
0.161033 
0.158968 
0.156849 
0.154678 
0.152454 
0.150178 
0.147849 
0.145468 
0.143036 
0.140552 
0.138017 
0.135431 
0.132795 
0.130108 
0.127372 
0.124586 
0.121752 
0.118869 
0.115938 
0.112959 
0.109934 
0.106861 
0.103743 
0.100579 
0.0973697 
0.094116 
0.0908185 
0.0874776 
0.0840939 
0.0806682 
0.0772009 
0.0736929 
0.0701446 
0.0665569 
0.0629305 
0.059266 
0.0555641 
0.0518257 
0.0480514 
0.0442421 
0.0403985 
0.0365215 
0.0326119 
0.0286704 
0.024698 
0.0206955 
0.0166638 
0.0126037 
0.0085162 
0.00440218 
0.000262576 
-0.00390168 
-0.00808963 
-0.0123003 
-0.0165328 
-0.020786 
-0.025059 
-0.0293507 
-0.0336602 
-0.0379863 
-0.0423282 
-0.0466846 
-0.0510546 
-0.055437 
-0.0598308 
-0.0642349 
-0.0686482 
-0.0730696 
-0.0774979 
-0.0819321 
-0.086371 
-0.0908134 
-0.0952582 
-0.0997043 
-0.104151 
-0.108596 
-0.113039 
-0.117478 
-0.121913 
-0.126342 
-0.130764 
-0.135178 
-0.139583 
-0.143977 
-0.148359 
-0.152728 
-0.157083 
-0.161423 
-0.165746 
-0.170051 
-0.174337 
-0.178603 
-0.182847 
-0.187069 
-0.191267 
-0.195439 
-0.199586 
-0.203705 
-0.207795 
-0.211855 
-0.215884 
-0.219881 
-0.223844 
-0.227772 
-0.231665 
-0.23552 
-0.239338 
-0.243116 
-0.246853 
-0.250548 
-0.254201 
-0.25781 
-0.261373 
-0.264891 
-0.26836 
-0.271782 
-0.275153 
-0.278474 
-0.281744 
-0.28496 
-0.288123 
-0.29123 
-0.294282 
-0.297276 
-0.300212 
-0.30309 
-0.305907 
-0.308663 
-0.311357 
-0.313989 
-0.316556 
-0.319058 
-0.321495 
-0.323865 
-0.326167 
-0.328401 
-0.330566 
-0.33266 
-0.334684 
-0.336635 
-0.338514 
-0.34032 
-0.342052 
-0.343708 
-0.345289 
-0.346794 
-0.348221 
-0.349571 
-0.350842 
-0.352034 
-0.353146 
-0.354178 
-0.355129 
-0.355999 
-0.356786 
-0.357491 
-0.358113 
-0.358651 
-0.359105 
-0.359474 
-0.359758 
-0.359956 
-0.360069 
-0.360095 
-0.360035 
-0.359887 
-0.359653 
-0.35933 
-0.358919 
-0.358421 
-0.357833 
-0.357157 
-0.356393 
-0.355538 
-0.354595 
-0.353562 
-0.35244 
-0.351228 
-0.349926 
-0.348534 
-0.347053 
-0.345482 
-0.34382 
-0.342069 
-0.340229 
-0.338298 
-0.336278 
-0.334168 
-0.331969 
-0.329681 
-0.327304 
-0.324838 
-0.322283 
-0.31964 
-0.316909 
-0.31409 
-0.311184 
-0.308191 
-0.305111 
-0.301945 
-0.298692 
-0.295355 
-0.291932 
-0.288424 
-0.284833 
-0.281158 
-0.2774 
-0.27356 
-0.269638 
-0.265635 
-0.261551 
-0.257388 
-0.253145 
-0.248824 
-0.244426 
-0.23995 
-0.235398 
-0.230771 
-0.226069 
-0.221294 
-0.216446 
-0.211526 
-0.206535 
-0.201475 
-0.196345 
-0.191147 
-0.185882 
-0.180551 
-0.175156 
-0.169696 
-0.164174 
-0.15859 
-0.152945 
-0.147241 
-0.14148 
-0.135661 
-0.129787 
-0.123858 
-0.117876 
-0.111842 
-0.105758 
-0.099624 
-0.0934426 
-0.0872146 
-0.0809415 
-0.0746248 
-0.0682657 
-0.0618658 
-0.0554266 
-0.0489494 
-0.0424358 
-0.0358873 
-0.0293054 
-0.0226916 
-0.0160476 
-0.00937488 
-0.00267501 
0.00405038 
0.0107997 
0.0175713 
0.0243636 
0.0311749 
0.0380035 
0.0448478 
0.0517061 
0.0585767 
0.0654579 
0.0723479 
0.0792452 
0.0861478 
0.0930542 
0.0999624 
0.106871 
0.113778 
0.120682 
0.12758 
0.134472 
0.141355 
0.148227 
0.155088 
0.161934 
0.168765 
0.175578 
0.182372 
0.189145 
0.195894 
0.202619 
0.209318 
0.215988 
0.222629 
0.229237 
0.235812 
0.242352 
0.248854 
0.255318 
0.261741 
0.268122 
0.274459 
0.28075 
0.286993 
0.293187 
0.299331 
0.305421 
0.311458 
0.317438 
0.323361 
0.329225 
0.335028 
0.340768 
0.346444 
0.352055 
0.357598 
0.363073 
0.368477 
0.373809 
0.379068 
0.384252 
0.38936 
0.394389 
0.39934 
0.40421 
0.408998 
0.413702 
0.418321 
0.422854 
0.4273 
0.431657 
0.435923 
0.440098 
0.444181 
0.448169 
0.452063 
0.45586 
0.459559 
0.46316 
0.466662 
0.470062 
0.47336 
0.476556 
0.479647 
0.482634 
0.485514 
0.488288 
0.490953 
0.49351 
0.495957 
0.498294 
0.500519 
0.502632 
0.504631 
0.506518 
0.508289 
0.509945 
0.511486 
0.512909 
0.514216 
0.515404 
0.516474 
0.517425 
0.518257 
0.518968 
0.519559 
0.520028 
0.520376 
0.520603 
0.520706 
0.520688 
0.520546 
0.520281 
0.519892 
0.51938 
0.518743 
0.517982 
0.517097 
0.516087 
0.514952 
0.513693 
0.512309 
0.510799 
0.509165 
0.507406 
0.505522 
0.503513 
0.501379 
0.499121 
0.496739 
0.494232 
0.491601 
0.488846 
0.485967 
0.482966 
0.479841 
0.476594 
0.473225 
0.469733 
0.466121 
0.462387 
0.458533 
0.454559 
0.450466 
0.446254 
0.441923 
0.437476 
0.432911 
0.42823 
0.423434 
0.418523 
0.413498 
0.40836 
0.40311 
0.397749 
0.392277 
0.386696 
0.381006 
0.375208 
0.369304 
0.363295 
0.357181 
0.350964 
0.344644 
0.338224 
0.331704 
0.325086 
0.318371 
0.311559 
0.304653 
0.297654 
0.290562 
0.283381 
0.27611 
0.268752 
0.261308 
0.25378 
0.246168 
0.238475 
0.230703 
0.222852 
0.214925 
0.206924 
0.198849 
0.190704 
0.182489 
0.174206 
0.165857 
0.157445 
0.148971 
0.140436 
0.131843 
0.123195 
0.114491 
0.105736 
0.0969306 
0.0880769 
0.0791771 
0.0702333 
0.0612476 
0.0522222 
0.0431592 
0.0340608 
0.0249291 
0.0157663 
0.00657472 
-0.00264346 
-0.011886 
-0.0211506 
-0.0304351 
-0.039737 
-0.0490542 
-0.0583843 
-0.067725 
-0.0770739 
-0.0864287 
-0.0957872 
-0.105147 
-0.114505 
-0.12386 
-0.133209 
-0.14255 
-0.15188 
-0.161197 
-0.170499 
-0.179783 
-0.189047 
-0.198288 
-0.207504 
-0.216693 
-0.225852 
-0.23498 
-0.244072 
-0.253128 
-0.262145 
-0.271121 
-0.280052 
-0.288938 
-0.297775 
-0.306562 
-0.315295 
-0.323973 
-0.332593 
-0.341154 
-0.349653 
-0.358087 
-0.366455 
-0.374754 
-0.382983 
-0.391138 
-0.399219 
-0.407222 
-0.415146 
-0.422988 
-0.430748 
-0.438421 
-0.446007 
-0.453504 
-0.46091 
-0.468222 
-0.475439 
-0.482558 
-0.489579 
-0.496499 
-0.503316 
-0.510029 
-0.516636 
-0.523135 
-0.529524 
-0.535802 
-0.541967 
-0.548017 
-0.553952 
-0.559768 
-0.565466 
-0.571043 
-0.576497 
-0.581828 
-0.587034 
-0.592113 
-0.597065 
-0.601887 
-0.606579 
-0.611139 
-0.615566 
-0.61986 
-0.624017 
-0.628039 
-0.631922 
-0.635667 
-0.639273 
-0.642737 
-0.64606 
-0.64924 
-0.652276 
-0.655168 
-0.657914 
-0.660514 
-0.662967 
-0.665272 
-0.667429 
-0.669436 
-0.671293 
-0.672999 
-0.674554 
-0.675957 
-0.677207 
-0.678304 
-0.679248 
-0.680037 
-0.680672 
-0.681152 
-0.681477 
-0.681646 
-0.681659 
-0.681515 
-0.681215 
-0.680758 
-0.680144 
-0.679372 
-0.678443 
-0.677357 
-0.676113 
-0.674711 
-0.673151 
-0.671434 
-0.669559 
-0.667526 
-0.665336 
-0.662988 
-0.660483 
-0.65782 
-0.655001 
-0.652025 
-0.648893 
-0.645604 
-0.64216 
-0.63856 
-0.634806 
-0.630896 
-0.626833 
-0.622616 
-0.618246 
-0.613724 
-0.609049 
-0.604224 
-0.599247 
-0.594121 
-0.588846 
-0.583422 
-0.577851 
-0.572133 
-0.566269 
-0.560259 
-0.554106 
-0.54781 
-0.541372 
-0.534793 
-0.528073 
-0.521215 
-0.51422 
-0.507087 
-0.49982 
-0.492419 
-0.484885 
-0.477219 
-0.469424 
-0.4615 
-0.453449 
-0.445273 
-0.436972 
-0.428549 
-0.420005 
-0.411342 
-0.402561 
-0.393664 
-0.384654 
-0.375531 
-0.366297 
-0.356955 
-0.347506 
-0.337953 
-0.328296 
-0.318539 
-0.308683 
-0.298731 
-0.288684 
-0.278545 
-0.268315 
-0.257998 
-0.247595 
-0.237109 
-0.226541 
-0.215895 
-0.205173 
-0.194377 
-0.183509 
-0.172573 
-0.16157 
-0.150504 
-0.139376 
-0.12819 
-0.116947 
-0.105652 
-0.0943055 
-0.0829113 
-0.0714719 
-0.0599902 
-0.0484687 
-0.0369104 
-0.0253181 
-0.0136947 
-0.00204284 
0.00963441 
0.0213342 
0.0330537 
0.0447899 
0.0565399 
0.0683007 
0.0800695 
0.0918432 
0.103619 
0.115394 
0.127164 
0.138928 
0.150682 
0.162422 
0.174147 
0.185853 
0.197537 
0.209196 
0.220827 
0.232428 
0.243994 
0.255524 
0.267014 
0.278461 
0.289863 
0.301216 
0.312518 
0.323765 
0.334955 
0.346085 
0.357152 
0.368154 
0.379087 
0.389949 
0.400736 
0.411447 
0.422079 
0.432628 
0.443093 
0.45347 
0.463757 
0.473951 
0.484051 
0.494052 
0.503954 
0.513753 
0.523447 
0.533033 
0.54251 
0.551874 
0.561125 
0.570258 
0.579273 
0.588167 
0.596937 
0.605582 
0.6141 
0.622488 
0.630745 
0.638869 
0.646857 
0.654708 
0.66242 
0.669991 
0.677419 
0.684703 
0.69184 
0.69883 
0.705671 
0.71236 
0.718897 
0.725279 
0.731506 
0.737576 
0.743487 
0.749239 
0.754829 
0.760257 
0.765521 
0.77062 
0.775553 
0.780318 
0.784915 
0.789343 
0.7936 
0.797685 
0.801598 
0.805337 
0.808901 
0.812291 
0.815504 
0.81854 
0.821398 
0.824078 
0.826579 
0.828899 
0.831039 
0.832998 
0.834775 
0.83637 
0.837782 
0.83901 
0.840055 
0.840915 
0.841591 
0.842082 
0.842387 
0.842507 
0.842441 
0.842189 
0.84175 
0.841125 
0.840313 
0.839314 
0.838128 
0.836755 
0.835196 
0.833449 
0.831515 
0.829394 
0.827086 
0.824592 
0.821911 
0.819044 
0.81599 
0.812751 
0.809325 
0.805715 
0.801919 
0.797939 
0.793775 
0.789427 
0.784895 
0.780181 
0.775284 
0.770206 
0.764947 
0.759507 
0.753887 
0.748089 
0.742112 
0.735957 
0.729626 
0.72312 
0.716438 
0.709582 
0.702554 
0.695353 
0.687981 
0.68044 
0.67273 
0.664853 
0.656809 
0.648601 
0.640228 
0.631694 
0.622998 
0.614143 
0.60513 
0.59596 
0.586636 
0.577158 
0.567528 
0.557749 
0.547821 
0.537747 
0.527528 
0.517167 
0.506665 
0.496024 
0.485246 
0.474334 
0.463289 
0.452114 
0.440811 
0.429382 
0.417829 
0.406155 
0.394362 
0.382453 
0.37043 
0.358296 
0.346053 
0.333704 
0.321251 
0.308698 
0.296046 
0.2833 
0.270461 
0.257533 
0.244519 
0.231421 
0.218242 
0.204987 
0.191656 
0.178255 
0.164786 
0.151251 
0.137655 
0.124001 
0.110292 
0.0965305 
0.0827209 
0.0688664 
0.0549702 
0.0410358 
0.0270666 
0.0130661 
-0.00096212 
-0.0150147 
-0.029088 
-0.0431785 
-0.0572827 
-0.071397 
-0.0855178 
-0.0996416 
-0.113765 
-0.127884 
-0.141995 
-0.156094 
-0.170179 
-0.184245 
-0.198288 
-0.212306 
-0.226295 
-0.24025 
-0.254169 
-0.268048 
-0.281883 
-0.295671 
-0.309408 
-0.323091 
-0.336716 
-0.350281 
-0.363781 
-0.377212 
-0.390573 
-0.403859 
-0.417067 
-0.430193 
-0.443235 
-0.45619 
-0.469053 
-0.481823 
-0.494495 
-0.507066 
-0.519535 
-0.531897 
-0.544149 
-0.55629 
-0.568315 
-0.580222 
-0.592009 
-0.603672 
-0.615208 
-0.626616 
-0.637892 
-0.649033 
-0.660039 
-0.670904 
-0.681629 
-0.692209 
-0.702643 
-0.712928 
-0.723062 
-0.733043 
-0.742869 
-0.752537 
-0.762046 
-0.771393 
-0.780577 
-0.789595 
-0.798446 
-0.807128 
-0.815639 
-0.823977 
-0.832141 
-0.840129 
-0.84794 
-0.855571 
-0.863021 
-0.87029 
-0.877375 
-0.884274 
-0.890988 
-0.897513 
-0.90385 
-0.909997 
-0.915952 
-0.921715 
-0.927285 
-0.932659 
-0.937838 
-0.942821 
-0.947606 
-0.952192 
-0.956579 
-0.960765 
-0.964751 
-0.968535 
-0.972116 
-0.975493 
-0.978667 
-0.981636 
-0.9844 
-0.986958 
-0.98931 
-0.991455 
-0.993392 
-0.995121 
-0.996643 
-0.997955 
-0.999059 
-0.999953 
-1.00064 
-1.00111 
-1.00137 
-1.00143 
-1.00127 
-1.0009 
-1.00032 
-0.999533 
-0.998531 
-0.997318 
-0.995893 
-0.994257 
-0.99241 
-0.990351 
-0.988081 
-0.985599 
-0.982907 
-0.980004 
-0.97689 
-0.973565 
-0.97003 
-0.966285 
-0.96233 
-0.958166 
-0.953793 
-0.949211 
-0.94442 
-0.939422 
-0.934217 
-0.928805 
-0.923186 
-0.917362 
-0.911332 
-0.905098 
-0.898661 
-0.89202 
-0.885177 
-0.878132 
-0.870887 
-0.863442 
-0.855798 
-0.847956 
-0.839917 
-0.831683 
-0.823253 
-0.81463 
-0.805814 
-0.796807 
-0.787609 
-0.778223 
-0.768649 
-0.75889 
-0.748945 
-0.738818 
-0.728509 
-0.71802 
-0.707353 
-0.696509 
-0.68549 
-0.674298 
-0.662935 
-0.651403 
-0.639703 
-0.627838 
-0.615809 
-0.60362 
-0.591271 
-0.578766 
-0.566107 
-0.553295 
-0.540334 
-0.527226 
-0.513974 
-0.500579 
-0.487045 
-0.473375 
-0.45957 
-0.445635 
-0.431572 
-0.417383 
-0.403073 
-0.388643 
-0.374097 
-0.359439 
-0.344671 
-0.329796 
-0.314819 
-0.299742 
-0.284569 
-0.269303 
-0.253948 
-0.238507 
-0.222985 
-0.207384 
-0.191709 
-0.175962 
-0.160149 
-0.144273 
-0.128337 
-0.112346 
-0.0963037 
-0.0802136 
-0.0640801 
-0.0479072 
-0.0316988 
-0.0154592 
0.000807709 
0.0170977 
0.0334066 
0.0497303 
0.0660647 
0.0824054 
0.0987485 
0.11509 
0.131425 
0.147749 
0.164059 
0.180351 
0.196619 
0.212861 
0.229071 
0.245246 
0.261381 
0.277472 
0.293516 
0.309508 
0.325443 
0.341319 
0.357131 
0.372875 
0.388547 
0.404142 
0.419659 
0.435091 
0.450437 
0.465691 
0.48085 
0.495911 
0.510869 
0.525722 
0.540465 
0.555095 
0.56961 
0.584004 
0.598276 
0.612421 
0.626437 
0.64032 
0.654068 
0.667676 
0.681143 
0.694465 
0.707639 
0.720662 
0.733533 
0.746247 
0.758803 
0.771197 
0.783428 
0.795492 
0.807388 
0.819113 
0.830664 
0.84204 
0.853238 
0.864256 
0.875092 
0.885744 
0.89621 
0.906489 
0.916578 
0.926475 
0.936179 
0.945688 
0.955001 
0.964116 
0.973031 
0.981745 
0.990257 
0.998564 
1.00667 
1.01456 
1.02225 
1.02973 
1.037 
1.04406 
1.0509 
1.05753 
1.06395 
1.07016 
1.07614 
1.08191 
1.08746 
1.0928 
1.09791 
1.1028 
1.10748 
1.11193 
1.11616 
1.12016 
1.12395 
1.12751 
1.13084 
1.13395 
1.13683 
1.13949 
1.14193 
1.14413 
1.14611 
1.14786 
1.14939 
1.15068 
1.15175 
1.15259 
1.1532 
1.15359 
1.15374 
1.15367 
1.15336 
1.15283 
1.15207 
1.15107 
1.14985 
1.1484 
1.14672 
1.14481 
1.14267 
1.1403 
1.1377 
1.13487 
1.13182 
1.12853 
1.12501 
1.12127 
1.1173 
1.1131 
1.10867 
1.10402 
1.09913 
1.09402 
1.08869 
1.08312 
1.07734 
1.07132 
1.06509 
1.05862 
1.05194 
1.04503 
1.0379 
1.03054 
1.02297 
1.01517 
1.00716 
0.998923 
0.990471 
0.981802 
0.972916 
0.963815 
0.9545 
0.944971 
0.93523 
0.925278 
0.915117 
0.904746 
0.894168 
0.883385 
0.872396 
0.861205 
0.849812 
0.838218 
0.826427 
0.814438 
0.802254 
0.789878 
0.777309 
0.764552 
0.751606 
0.738476 
0.725161 
0.711666 
0.697992 
0.684141 
0.670116 
0.65592 
0.641554 
0.627021 
0.612324 
0.597467 
0.58245 
0.567278 
0.551954 
0.53648 
0.520859 
0.505095 
0.48919 
0.473149 
0.456975 
0.44067 
0.424238 
0.407684 
0.39101 
0.374221 
0.35732 
0.34031 
0.323197 
0.305983 
0.288673 
0.271271 
0.253781 
0.236206 
0.218553 
0.200823 
0.183023 
0.165156 
0.147227 
0.12924 
0.1112 
0.093111 
0.0749778 
0.0568049 
0.0385971 
0.0203589 
0.00209502 
-0.0161898 
-0.034491 
-0.0528036 
-0.0711231 
-0.0894447 
-0.107764 
-0.126075 
-0.144374 
-0.162657 
-0.180917 
-0.199151 
-0.217355 
-0.235522 
-0.253649 
-0.27173 
-0.289762 
-0.30774 
-0.325658 
-0.343513 
-0.3613 
-0.379014 
-0.396651 
-0.414207 
-0.431678 
-0.449058 
-0.466344 
-0.483531 
-0.500616 
-0.517595 
-0.534462 
-0.551215 
-0.567849 
-0.584361 
-0.600747 
-0.617002 
-0.633124 
-0.649109 
-0.664953 
-0.680653 
-0.696206 
-0.711607 
