0 
9.7824e-08 
5.86884e-07 
1.66258e-06 
3.52001e-06 
6.35391e-06 
1.03585e-05 
1.57275e-05 
2.26539e-05 
3.13299e-05 
4.1947e-05 
5.46954e-05 
6.97647e-05 
8.73431e-05 
0.000107618 
0.000130774 
0.000156996 
0.000186467 
0.000219368 
0.000255878 
0.000296175 
0.000340435 
0.000388832 
0.000441537 
0.000498721 
0.00056055 
0.00062719 
0.000698803 
0.00077555 
0.000857589 
0.000945074 
0.00103816 
0.00113699 
0.00124172 
0.00135248 
0.00146943 
0.00159269 
0.00172241 
0.00185871 
0.00200171 
0.00215156 
0.00230835 
0.00247222 
0.00264328 
0.00282164 
0.0030074 
0.00320066 
0.00340153 
0.0036101 
0.00382646 
0.0040507 
0.00428289 
0.00452313 
0.00477148 
0.00502801 
0.00529279 
0.00556588 
0.00584734 
0.00613721 
0.00643556 
0.00674242 
0.00705782 
0.00738182 
0.00771443 
0.00805568 
0.00840559 
0.00876417 
0.00913145 
0.00950742 
0.00989208 
0.0102854 
0.0106875 
0.0110982 
0.0115175 
0.0119455 
0.0123821 
0.0128273 
0.013281 
0.0137432 
0.0142138 
0.0146928 
0.0151801 
0.0156758 
0.0161796 
0.0166915 
0.0172115 
0.0177394 
0.0182753 
0.0188189 
0.0193702 
0.0199291 
0.0204955 
0.0210693 
0.0216503 
0.0222384 
0.0228336 
0.0234356 
0.0240443 
0.0246597 
0.0252815 
0.0259096 
0.0265439 
0.0271841 
0.0278302 
0.0284819 
0.0291392 
0.0298017 
0.0304693 
0.0311419 
0.0318193 
0.0325012 
0.0331875 
0.0338779 
0.0345722 
0.0352704 
0.035972 
0.0366769 
0.037385 
0.0380959 
0.0388094 
0.0395253 
0.0402434 
0.0409634 
0.0416851 
0.0424082 
0.0431325 
0.0438578 
0.0445837 
0.04531 
0.0460365 
0.0467629 
0.0474889 
0.0482142 
0.0489387 
0.0496619 
0.0503837 
0.0511038 
0.0518218 
0.0525374 
0.0532505 
0.0539607 
0.0546678 
0.0553713 
0.0560712 
0.0567669 
0.0574583 
0.0581451 
0.0588269 
0.0595035 
0.0601746 
0.0608398 
0.0614989 
0.0621515 
0.0627974 
0.0634363 
0.0640678 
0.0646916 
0.0653075 
0.0659151 
0.0665142 
0.0671044 
0.0676854 
0.068257 
0.0688188 
0.0693706 
0.0699119 
0.0704426 
0.0709623 
0.0714708 
0.0719677 
0.0724528 
0.0729257 
0.0733861 
0.0738339 
0.0742686 
0.07469 
0.0750979 
0.0754919 
0.0758717 
0.0762372 
0.0765879 
0.0769237 
0.0772442 
0.0775493 
0.0778386 
0.0781119 
0.0783689 
0.0786093 
0.078833 
0.0790397 
0.0792291 
0.079401 
0.0795551 
0.0796913 
0.0798093 
0.0799089 
0.0799898 
0.0800519 
0.0800949 
0.0801186 
0.0801229 
0.0801075 
0.0800722 
0.0800169 
0.0799414 
0.0798454 
0.0797289 
0.0795917 
0.0794335 
0.0792543 
0.0790539 
0.0788321 
0.0785889 
0.078324 
0.0780374 
0.077729 
0.0773985 
0.077046 
0.0766713 
0.0762742 
0.0758549 
0.075413 
0.0749486 
0.0744616 
0.0739519 
0.0734195 
0.0728644 
0.0722864 
0.0716855 
0.0710617 
0.0704151 
0.0697455 
0.0690529 
0.0683374 
0.067599 
0.0668376 
0.0660534 
0.0652462 
0.0644162 
0.0635634 
0.0626878 
0.0617896 
0.0608687 
0.0599252 
0.0589592 
0.0579708 
0.05696 
0.0559271 
0.054872 
0.053795 
0.0526961 
0.0515754 
0.0504331 
0.0492693 
0.0480842 
0.046878 
0.0456508 
0.0444028 
0.0431341 
0.041845 
0.0405356 
0.0392062 
0.037857 
0.0364881 
0.0350999 
0.0336925 
0.0322662 
0.0308213 
0.0293579 
0.0278764 
0.026377 
0.02486 
0.0233257 
0.0217743 
0.0202063 
0.0186218 
0.0170212 
0.0154048 
0.0137729 
0.0121259 
0.0104641 
0.00878789 
0.00709754 
0.00539345 
0.00367598 
0.0019455 
0.00020239 
-0.00155297 
-0.00332019 
-0.00509887 
-0.00688862 
-0.00868903 
-0.0104997 
-0.0123202 
-0.01415 
-0.0159889 
-0.0178363 
-0.0196918 
-0.021555 
-0.0234254 
-0.0253025 
-0.0271859 
-0.0290752 
-0.0309698 
-0.0328694 
-0.0347733 
-0.0366812 
-0.0385925 
-0.0405068 
-0.0424236 
-0.0443423 
-0.0462626 
-0.0481838 
-0.0501054 
-0.0520271 
-0.0539481 
-0.0558682 
-0.0577866 
-0.0597029 
-0.0616166 
-0.0635271 
-0.0654339 
-0.0673366 
-0.0692345 
-0.0711271 
-0.0730139 
-0.0748944 
-0.076768 
-0.0786341 
-0.0804923 
-0.0823421 
-0.0841827 
-0.0860138 
-0.0878348 
-0.0896451 
-0.0914443 
-0.0932317 
-0.0950068 
-0.096769 
-0.098518 
-0.100253 
-0.101974 
-0.103679 
-0.105369 
-0.107043 
-0.108701 
-0.110341 
-0.111964 
-0.113569 
-0.115155 
-0.116721 
-0.118268 
-0.119795 
-0.121301 
-0.122786 
-0.124249 
-0.125689 
-0.127107 
-0.128502 
-0.129873 
-0.13122 
-0.132542 
-0.133838 
-0.135109 
-0.136354 
-0.137572 
-0.138764 
-0.139927 
-0.141063 
-0.14217 
-0.143248 
-0.144298 
-0.145317 
-0.146306 
-0.147265 
-0.148192 
-0.149088 
-0.149953 
-0.150785 
-0.151585 
-0.152351 
-0.153085 
-0.153785 
-0.15445 
-0.155082 
-0.155679 
-0.15624 
-0.156767 
-0.157257 
-0.157712 
-0.15813 
-0.158512 
-0.158857 
-0.159165 
-0.159435 
-0.159668 
-0.159862 
-0.160019 
-0.160137 
-0.160217 
-0.160258 
-0.16026 
-0.160222 
-0.160146 
-0.160029 
-0.159873 
-0.159677 
-0.159441 
-0.159165 
-0.158849 
-0.158492 
-0.158094 
-0.157656 
-0.157178 
-0.156658 
-0.156098 
-0.155497 
-0.154855 
-0.154172 
-0.153447 
-0.152682 
-0.151876 
-0.151029 
-0.150141 
-0.149213 
-0.148243 
-0.147232 
-0.146181 
-0.145089 
-0.143956 
-0.142783 
-0.141569 
-0.140315 
-0.139021 
-0.137688 
-0.136314 
-0.1349 
-0.133447 
-0.131955 
-0.130424 
-0.128853 
-0.127244 
-0.125597 
-0.123911 
-0.122188 
-0.120426 
-0.118628 
-0.116792 
-0.114919 
-0.11301 
-0.111065 
-0.109083 
-0.107067 
-0.105015 
-0.102928 
-0.100807 
-0.0986518 
-0.0964631 
-0.094241 
-0.0919862 
-0.089699 
-0.0873798 
-0.0850292 
-0.0826475 
-0.0802352 
-0.0777928 
-0.0753209 
-0.0728198 
-0.0702901 
-0.0677324 
-0.0651471 
-0.0625348 
-0.0598961 
-0.0572315 
-0.0545415 
-0.0518267 
-0.0490878 
-0.0463253 
-0.0435399 
-0.040732 
-0.0379024 
-0.0350517 
-0.0321805 
-0.0292895 
-0.0263793 
-0.0234505 
-0.0205039 
-0.0175401 
-0.0145598 
-0.0115636 
-0.00855238 
-0.0055267 
-0.00248732 
0.000565059 
0.00362971 
0.00670589 
0.00979289 
0.0128899 
0.0159963 
0.0191113 
0.022234 
0.0253638 
0.0284999 
0.0316415 
0.0347879 
0.0379382 
0.0410916 
0.0442475 
0.0474049 
0.0505632 
0.0537214 
0.0568788 
0.0600347 
0.0631881 
0.0663383 
0.0694844 
0.0726257 
0.0757614 
0.0788905 
0.0820124 
0.0851261 
0.0882309 
0.091326 
0.0944105 
0.0974835 
0.100544 
0.103592 
0.106626 
0.109645 
0.112649 
0.115637 
0.118607 
0.121559 
0.124493 
0.127407 
0.130301 
0.133173 
0.136024 
0.138852 
0.141656 
0.144436 
0.14719 
0.149919 
0.152621 
0.155296 
0.157942 
0.160559 
0.163147 
0.165703 
0.168229 
0.170723 
0.173183 
0.175611 
0.178003 
0.180361 
0.182684 
0.18497 
0.187219 
0.18943 
0.191602 
0.193736 
0.195829 
0.197883 
0.199895 
0.201865 
0.203793 
0.205678 
0.207519 
0.209316 
0.211068 
0.212775 
0.214435 
0.216049 
0.217616 
0.219135 
0.220606 
0.222029 
0.223402 
0.224725 
0.225998 
0.22722 
0.228391 
0.22951 
0.230577 
0.231591 
0.232553 
0.233461 
0.234315 
0.235115 
0.23586 
0.23655 
0.237185 
0.237765 
0.238288 
0.238755 
0.239166 
0.23952 
0.239816 
0.240055 
0.240237 
0.24036 
0.240426 
0.240433 
0.240381 
0.240271 
0.240102 
0.239874 
0.239587 
0.239241 
0.238835 
0.23837 
0.237845 
0.237261 
0.236617 
0.235914 
0.23515 
0.234327 
0.233444 
0.232502 
0.2315 
0.230439 
0.229317 
0.228137 
0.226897 
0.225598 
0.22424 
0.222823 
0.221347 
0.219813 
0.21822 
0.216569 
0.21486 
0.213093 
0.211269 
0.209387 
0.207449 
0.205454 
0.203402 
0.201295 
0.199132 
0.196914 
0.19464 
0.192312 
0.18993 
0.187494 
0.185005 
0.182463 
0.179869 
0.177223 
0.174525 
0.171776 
0.168977 
0.166128 
0.16323 
0.160283 
0.157288 
0.154245 
0.151155 
0.148019 
0.144837 
0.14161 
0.138339 
0.135023 
0.131665 
0.128264 
0.124822 
0.121339 
0.117815 
0.114252 
0.110651 
0.107011 
0.103334 
0.0996213 
0.0958728 
0.0920896 
0.0882726 
0.0844226 
0.0805404 
0.076627 
0.0726832 
0.0687099 
0.064708 
0.0606784 
0.0566221 
0.0525399 
0.0484328 
0.0443018 
0.0401479 
0.0359719 
0.0317749 
0.0275578 
0.0233217 
0.0190676 
0.0147964 
0.0105093 
0.00620708 
0.00189096 
-0.00243809 
-0.00677901 
-0.0111308 
-0.0154923 
-0.0198625 
-0.0242403 
-0.0286247 
-0.0330146 
-0.0374088 
-0.0418064 
-0.0462062 
-0.0506071 
-0.0550081 
-0.059408 
-0.0638056 
-0.0682001 
-0.0725901 
-0.0769746 
-0.0813525 
-0.0857226 
-0.090084 
-0.0944353 
-0.0987756 
-0.103104 
-0.107419 
-0.111719 
-0.116004 
-0.120272 
-0.124522 
-0.128754 
-0.132966 
-0.137156 
-0.141325 
-0.14547 
-0.149591 
-0.153686 
-0.157755 
-0.161796 
-0.165808 
-0.169791 
-0.173743 
-0.177663 
-0.18155 
-0.185403 
-0.189221 
-0.193003 
-0.196748 
-0.200454 
-0.204122 
-0.207749 
-0.211335 
-0.214879 
-0.21838 
-0.221837 
-0.225249 
-0.228615 
-0.231933 
-0.235204 
-0.238426 
-0.241599 
-0.24472 
-0.24779 
-0.250808 
-0.253773 
-0.256683 
-0.259538 
-0.262338 
-0.26508 
-0.267766 
-0.270393 
-0.272961 
-0.275469 
-0.277917 
-0.280303 
-0.282628 
-0.284889 
-0.287087 
-0.289221 
-0.291291 
-0.293294 
-0.295232 
-0.297103 
-0.298906 
-0.300642 
-0.302308 
-0.303906 
-0.305434 
-0.306892 
-0.308279 
-0.309595 
-0.310839 
-0.312011 
-0.313111 
-0.314137 
-0.31509 
-0.315969 
-0.316773 
-0.317503 
-0.318158 
-0.318737 
-0.319241 
-0.319668 
-0.32002 
-0.320295 
-0.320493 
-0.320614 
-0.320657 
-0.320624 
-0.320512 
-0.320323 
-0.320056 
-0.319711 
-0.319288 
-0.318787 
-0.318207 
-0.317549 
-0.316812 
-0.315997 
-0.315104 
-0.314133 
-0.313083 
-0.311954 
-0.310748 
-0.309464 
-0.308101 
-0.306661 
-0.305143 
-0.303548 
-0.301875 
-0.300125 
-0.298299 
-0.296395 
-0.294416 
-0.29236 
-0.290229 
-0.288022 
-0.285741 
-0.283384 
-0.280954 
-0.278449 
-0.275871 
-0.27322 
-0.270496 
-0.2677 
-0.264833 
-0.261895 
-0.258886 
-0.255807 
-0.252658 
-0.249441 
-0.246156 
-0.242803 
-0.239383 
-0.235897 
-0.232345 
-0.228729 
-0.225048 
-0.221304 
-0.217497 
-0.213628 
-0.209698 
-0.205708 
-0.201658 
-0.19755 
-0.193384 
-0.189161 
-0.184882 
-0.180548 
-0.17616 
-0.171718 
-0.167225 
-0.16268 
-0.158085 
-0.15344 
-0.148747 
-0.144007 
-0.139221 
-0.13439 
-0.129514 
-0.124596 
-0.119636 
-0.114635 
-0.109595 
-0.104516 
-0.0994 
-0.0942479 
-0.0890609 
-0.0838402 
-0.078587 
-0.0733026 
-0.0679882 
-0.062645 
-0.0572743 
-0.0518774 
-0.0464555 
-0.0410099 
-0.035542 
-0.030053 
-0.0245442 
-0.019017 
-0.0134727 
-0.0079126 
-0.00233812 
0.00324941 
0.00884865 
0.0144582 
0.0200767 
0.0257028 
0.0313351 
0.0369722 
0.0426127 
0.0482553 
0.0538984 
0.0595408 
0.0651809 
0.0708175 
0.076449 
0.0820742 
0.0876914 
0.0932995 
0.0988968 
0.104482 
0.110054 
0.115611 
0.121151 
0.126674 
0.132178 
0.137661 
0.143122 
0.14856 
0.153973 
0.15936 
0.164719 
0.17005 
0.17535 
0.180618 
0.185854 
0.191055 
0.19622 
0.201348 
0.206438 
0.211488 
0.216497 
0.221464 
0.226387 
0.231264 
0.236096 
0.24088 
0.245615 
0.250301 
0.254934 
0.259516 
0.264043 
0.268516 
0.272932 
0.277291 
0.281592 
0.285833 
0.290013 
0.294131 
0.298186 
0.302176 
0.306102 
0.309961 
0.313753 
0.317477 
0.321131 
0.324714 
0.328226 
0.331666 
0.335032 
0.338324 
0.341541 
0.344682 
0.347745 
0.350731 
0.353638 
0.356465 
0.359211 
0.361877 
0.36446 
0.366961 
0.369378 
0.371711 
0.373959 
0.376121 
0.378197 
0.380186 
0.382088 
0.383901 
0.385625 
0.38726 
0.388805 
0.39026 
0.391624 
0.392896 
0.394076 
0.395164 
0.39616 
0.397062 
0.39787 
0.398585 
0.399205 
0.39973 
0.400161 
0.400497 
0.400737 
0.400881 
0.40093 
0.400883 
0.400739 
0.400499 
0.400162 
0.399729 
0.399199 
0.398573 
0.397849 
0.397029 
0.396112 
0.395098 
0.393988 
0.39278 
0.391477 
0.390077 
0.38858 
0.386988 
0.385299 
0.383515 
0.381635 
0.37966 
0.37759 
0.375426 
0.373167 
0.370814 
0.368367 
0.365827 
0.363195 
0.36047 
0.357653 
0.354744 
0.351745 
0.348655 
0.345475 
0.342206 
0.338848 
0.335402 
0.331868 
0.328248 
0.324542 
0.32075 
0.316873 
0.312913 
0.308869 
0.304743 
0.300535 
0.296247 
0.291878 
0.287431 
0.282905 
0.278303 
0.273624 
0.26887 
0.264041 
0.25914 
0.254166 
0.249121 
0.244005 
0.238821 
0.233569 
0.22825 
0.222865 
0.217416 
0.211904 
0.206329 
0.200694 
0.194999 
0.189246 
0.183435 
0.177569 
0.171649 
0.165675 
0.15965 
0.153574 
0.14745 
0.141277 
0.135059 
0.128796 
0.12249 
0.116141 
0.109753 
0.103326 
0.096861 
0.0903605 
0.0838258 
0.0772584 
0.0706598 
0.0640316 
0.0573754 
0.0506928 
0.0439854 
0.0372548 
0.0305026 
0.0237305 
0.0169401 
0.0101331 
0.00331114 
-0.00352416 
-0.0103711 
-0.017228 
-0.0240932 
-0.0309649 
-0.0378415 
-0.0447214 
-0.0516026 
-0.0584837 
-0.0653628 
-0.0722383 
-0.0791084 
-0.0859714 
-0.0928256 
-0.0996693 
-0.106501 
-0.113318 
-0.12012 
-0.126904 
-0.13367 
-0.140414 
-0.147136 
-0.153834 
-0.160506 
-0.16715 
-0.173765 
-0.180349 
-0.1869 
-0.193417 
-0.199898 
-0.206341 
-0.212745 
-0.219108 
-0.225429 
-0.231705 
-0.237935 
-0.244118 
-0.250253 
-0.256336 
-0.262368 
-0.268345 
-0.274268 
-0.280134 
-0.285942 
-0.291689 
-0.297376 
-0.303 
-0.30856 
-0.314054 
-0.319481 
-0.32484 
-0.330129 
-0.335347 
-0.340492 
-0.345563 
-0.35056 
-0.355479 
-0.360321 
-0.365084 
-0.369767 
-0.374367 
-0.378886 
-0.38332 
-0.387669 
-0.391932 
-0.396108 
-0.400195 
-0.404192 
-0.408099 
-0.411914 
-0.415637 
-0.419266 
-0.4228 
-0.426238 
-0.42958 
-0.432824 
-0.43597 
-0.439017 
-0.441963 
-0.444809 
-0.447553 
-0.450194 
-0.452732 
-0.455166 
-0.457495 
-0.459719 
-0.461837 
-0.463848 
-0.465752 
-0.467548 
-0.469236 
-0.470814 
-0.472283 
-0.473642 
-0.47489 
-0.476028 
-0.477054 
-0.477968 
-0.47877 
-0.47946 
-0.480037 
-0.480501 
-0.480851 
-0.481088 
-0.481211 
-0.48122 
-0.481115 
-0.480895 
-0.480561 
-0.480112 
-0.479548 
-0.47887 
-0.478077 
-0.477169 
-0.476147 
-0.47501 
-0.473758 
-0.472392 
-0.470911 
-0.469316 
-0.467607 
-0.465785 
-0.463848 
-0.461799 
-0.459636 
-0.45736 
-0.454972 
-0.452472 
-0.449861 
-0.447138 
-0.444304 
-0.44136 
-0.438306 
-0.435142 
-0.43187 
-0.428489 
-0.425001 
-0.421406 
-0.417704 
-0.413896 
-0.409984 
-0.405967 
-0.401846 
-0.397623 
-0.393298 
-0.388871 
-0.384344 
-0.379718 
-0.374993 
-0.37017 
-0.365251 
-0.360236 
-0.355126 
-0.349923 
-0.344627 
-0.339239 
-0.333761 
-0.328194 
-0.322538 
-0.316796 
-0.310967 
-0.305055 
-0.299059 
-0.29298 
-0.286822 
-0.280583 
-0.274267 
-0.267874 
-0.261406 
-0.254864 
-0.248249 
-0.241564 
-0.234809 
-0.227986 
-0.221097 
-0.214143 
-0.207125 
-0.200046 
-0.192906 
-0.185709 
-0.178454 
-0.171144 
-0.163781 
-0.156366 
-0.148901 
-0.141387 
-0.133827 
-0.126223 
-0.118575 
-0.110886 
-0.103158 
-0.0953925 
-0.0875912 
-0.0797562 
-0.0718892 
-0.0639923 
-0.0560672 
-0.048116 
-0.0401405 
-0.0321428 
-0.0241246 
-0.0160881 
-0.00803507 
3.2395e-05 
0.00811234 
0.0162028 
0.0243017 
0.0324072 
0.0405171 
0.0486295 
0.0567424 
0.0648537 
0.0729615 
0.0810637 
0.0891582 
0.0972431 
0.105316 
0.113376 
0.12142 
0.129446 
0.137452 
0.145437 
0.153398 
0.161333 
0.16924 
0.177118 
0.184964 
0.192776 
0.200552 
0.208291 
0.21599 
0.223648 
0.231262 
0.23883 
0.246352 
0.253824 
0.261244 
0.268612 
0.275925 
0.283182 
0.290379 
0.297517 
0.304592 
0.311603 
0.318548 
0.325426 
0.332235 
0.338973 
0.345638 
0.352229 
0.358743 
0.36518 
0.371538 
0.377815 
0.38401 
0.39012 
0.396145 
0.402083 
0.407932 
0.413691 
0.419359 
0.424934 
0.430414 
0.435799 
0.441087 
0.446276 
0.451365 
0.456354 
0.46124 
0.466022 
0.4707 
0.475272 
0.479737 
0.484094 
0.488341 
0.492478 
0.496503 
0.500416 
0.504216 
0.5079 
0.51147 
0.514923 
0.518258 
0.521476 
0.524574 
0.527553 
0.53041 
0.533147 
0.535761 
0.538252 
0.54062 
0.542863 
0.544982 
0.546975 
0.548842 
0.550582 
0.552195 
0.55368 
0.555037 
0.556266 
0.557365 
0.558335 
0.559175 
0.559885 
0.560465 
0.560914 
0.561232 
0.561418 
0.561473 
0.561397 
0.561189 
0.560849 
0.560377 
0.559773 
0.559036 
0.558168 
0.557168 
0.556035 
0.554771 
0.553375 
0.551847 
0.550187 
0.548396 
0.546474 
0.544421 
0.542237 
0.539923 
0.537479 
0.534905 
0.532202 
0.52937 
0.52641 
0.523321 
0.520105 
0.516762 
0.513293 
0.509697 
0.505977 
0.502132 
0.498163 
0.49407 
0.489856 
0.485519 
0.481062 
0.476484 
0.471787 
0.466972 
0.462039 
0.456989 
0.451824 
0.446544 
0.441151 
0.435645 
0.430027 
0.424299 
0.418462 
0.412517 
0.406465 
0.400307 
0.394044 
0.387679 
0.381211 
0.374643 
0.367976 
0.361211 
0.35435 
0.347394 
0.340344 
0.333203 
0.325971 
0.31865 
0.311243 
0.303749 
0.296172 
0.288512 
0.280771 
0.272952 
0.265056 
0.257084 
0.249038 
0.240921 
0.232734 
0.224479 
0.216157 
0.207772 
0.199324 
0.190815 
0.182248 
0.173625 
0.164948 
0.156218 
0.147438 
0.13861 
0.129735 
0.120817 
0.111856 
0.102856 
0.093819 
0.0847461 
0.07564 
0.0665029 
0.0573371 
0.0481448 
0.0389282 
0.0296896 
0.0204312 
0.0111554 
0.00186429 
-0.00743968 
-0.0167543 
-0.0260771 
-0.035406 
-0.0447386 
-0.0540725 
-0.0634054 
-0.0727351 
-0.0820591 
-0.0913752 
-0.100681 
-0.109974 
-0.119252 
-0.128513 
-0.137755 
-0.146974 
-0.15617 
-0.165338 
-0.174478 
-0.183587 
-0.192662 
-0.201702 
-0.210704 
-0.219665 
-0.228584 
-0.237458 
-0.246286 
-0.255064 
-0.263791 
-0.272464 
-0.281081 
-0.289641 
-0.29814 
-0.306578 
-0.314951 
-0.323258 
-0.331496 
-0.339664 
-0.34776 
-0.355781 
-0.363725 
-0.371591 
-0.379377 
-0.38708 
-0.394699 
-0.402232 
-0.409677 
-0.417032 
-0.424296 
-0.431466 
-0.438541 
-0.445519 
-0.452398 
-0.459177 
-0.465855 
-0.472428 
-0.478897 
-0.485259 
-0.491512 
-0.497656 
-0.503688 
-0.509608 
-0.515414 
-0.521103 
-0.526676 
-0.532131 
-0.537466 
-0.54268 
-0.547772 
-0.55274 
-0.557584 
-0.562302 
-0.566893 
-0.571356 
-0.57569 
-0.579894 
-0.583966 
-0.587906 
-0.591713 
-0.595386 
-0.598924 
-0.602326 
-0.605591 
-0.608718 
-0.611707 
-0.614557 
-0.617267 
-0.619836 
-0.622264 
-0.624551 
-0.626694 
-0.628695 
-0.630552 
-0.632264 
-0.633832 
-0.635255 
-0.636532 
-0.637664 
-0.638649 
-0.639487 
-0.640178 
-0.640722 
-0.641118 
-0.641366 
-0.641466 
-0.641418 
-0.641222 
-0.640877 
-0.640384 
-0.639742 
-0.638951 
-0.638012 
-0.636924 
-0.635687 
-0.634302 
-0.632769 
-0.631088 
-0.629258 
-0.627281 
-0.625156 
-0.622884 
-0.620464 
-0.617898 
-0.615186 
-0.612328 
-0.609325 
-0.606176 
-0.602883 
-0.599445 
-0.595865 
-0.592141 
-0.588275 
-0.584267 
-0.580118 
-0.575829 
-0.5714 
-0.566833 
-0.562127 
-0.557284 
-0.552305 
-0.54719 
-0.541941 
-0.536558 
-0.531042 
-0.525395 
-0.519618 
-0.51371 
-0.507675 
-0.501512 
-0.495224 
-0.48881 
-0.482273 
-0.475614 
-0.468833 
-0.461933 
-0.454915 
-0.44778 
-0.440529 
-0.433165 
-0.425688 
-0.4181 
-0.410403 
-0.402598 
-0.394687 
-0.386672 
-0.378554 
-0.370334 
-0.362016 
-0.3536 
-0.345089 
-0.336484 
-0.327787 
-0.319 
-0.310125 
-0.301164 
-0.292119 
-0.282992 
-0.273785 
-0.2645 
-0.25514 
-0.245706 
-0.2362 
-0.226625 
-0.216983 
-0.207277 
-0.197508 
-0.187678 
-0.177791 
-0.167848 
-0.157852 
-0.147805 
-0.13771 
-0.127569 
-0.117384 
-0.107158 
-0.0968936 
-0.0865929 
-0.0762585 
-0.0658931 
-0.055499 
-0.045079 
-0.0346354 
-0.0241709 
-0.0136882 
-0.00318965 
0.00732199 
0.0178442 
0.0283742 
0.0389096 
0.0494476 
0.0599857 
0.0705211 
0.0810513 
0.0915737 
0.102086 
0.112584 
0.123067 
0.133532 
0.143975 
0.154395 
0.164789 
0.175154 
0.185487 
0.195786 
0.206049 
0.216272 
0.226454 
0.236591 
0.246681 
0.256722 
0.266712 
0.276646 
0.286524 
0.296343 
0.3061 
0.315792 
0.325419 
0.334976 
0.344462 
0.353874 
0.36321 
0.372468 
0.381645 
0.39074 
0.39975 
0.408672 
0.417505 
0.426247 
0.434895 
0.443447 
0.451902 
0.460257 
0.46851 
0.476659 
0.484702 
0.492638 
0.500465 
0.508179 
0.515781 
0.523268 
0.530638 
0.53789 
0.545021 
0.552031 
0.558917 
0.565678 
0.572312 
0.578819 
0.585195 
0.591441 
0.597553 
0.603532 
0.609376 
0.615082 
0.620651 
0.62608 
0.631369 
0.636516 
0.64152 
0.646381 
0.651095 
0.655664 
0.660085 
0.664358 
0.668482 
0.672455 
0.676277 
0.679948 
0.683465 
0.686828 
0.690037 
0.693091 
0.695988 
0.698729 
0.701312 
0.703738 
0.706004 
0.708112 
0.71006 
0.711847 
0.713474 
0.71494 
0.716244 
0.717386 
0.718366 
0.719183 
0.719837 
0.720328 
0.720655 
0.720819 
0.720819 
0.720654 
0.720326 
0.719834 
0.719177 
0.718356 
0.717371 
0.716222 
0.714909 
0.713431 
0.71179 
0.709985 
0.708016 
0.705884 
0.703589 
0.701132 
0.698511 
0.695729 
0.692785 
0.68968 
0.686413 
0.682987 
0.6794 
0.675654 
0.67175 
0.667687 
0.663467 
0.659089 
0.654556 
0.649867 
0.645024 
0.640027 
0.634876 
0.629574 
0.62412 
0.618516 
0.612763 
0.606861 
0.600812 
0.594617 
0.588277 
0.581793 
0.575167 
0.568398 
0.56149 
0.554442 
0.547257 
0.539936 
0.53248 
0.52489 
0.517169 
0.509317 
0.501336 
0.493227 
0.484993 
0.476636 
0.468155 
0.459554 
0.450835 
0.441998 
0.433046 
0.423981 
0.414804 
0.405518 
0.396124 
0.386625 
0.377023 
0.367319 
0.357516 
0.347615 
0.33762 
0.327533 
0.317355 
0.307089 
0.296737 
0.286302 
0.275785 
0.26519 
0.254519 
0.243774 
0.232958 
0.222073 
0.211122 
0.200108 
0.189032 
0.177898 
0.166709 
0.155466 
0.144174 
0.132833 
0.121448 
0.110021 
0.0985549 
0.087052 
0.0755155 
0.0639481 
0.0523528 
0.0407324 
0.0290897 
0.0174277 
0.00574922 
-0.00594282 
-0.0176455 
-0.0293559 
-0.0410711 
-0.0527881 
-0.0645041 
-0.0762161 
-0.0879212 
-0.0996163 
-0.111299 
-0.122965 
-0.134613 
-0.14624 
-0.157841 
-0.169416 
-0.18096 
-0.19247 
-0.203945 
-0.215381 
-0.226775 
-0.238124 
-0.249425 
-0.260676 
-0.271874 
-0.283016 
-0.294099 
-0.305121 
-0.316079 
-0.32697 
-0.337791 
-0.34854 
-0.359214 
-0.36981 
-0.380327 
-0.39076 
-0.401109 
-0.41137 
-0.421541 
-0.431619 
-0.441602 
-0.451488 
-0.461274 
-0.470958 
-0.480538 
-0.490011 
-0.499376 
-0.508629 
-0.517769 
-0.526794 
-0.535701 
-0.544489 
-0.553155 
-0.561698 
-0.570116 
-0.578406 
-0.586567 
-0.594597 
-0.602494 
-0.610257 
-0.617883 
-0.625371 
-0.63272 
-0.639927 
-0.646991 
-0.653911 
-0.660685 
-0.667311 
-0.673789 
-0.680116 
-0.686291 
-0.692314 
-0.698182 
-0.703895 
-0.709451 
-0.714849 
-0.720087 
-0.725166 
-0.730083 
-0.734838 
-0.73943 
-0.743857 
-0.748119 
-0.752214 
-0.756143 
-0.759903 
-0.763495 
-0.766917 
-0.770169 
-0.77325 
-0.776159 
-0.778896 
-0.78146 
-0.783851 
-0.786067 
-0.788109 
-0.789976 
-0.791667 
-0.793182 
-0.794521 
-0.795683 
-0.796668 
-0.797476 
-0.798106 
-0.798558 
-0.798833 
-0.798929 
-0.798846 
-0.798585 
-0.798146 
-0.797528 
-0.796731 
-0.795756 
-0.794602 
-0.793269 
-0.791758 
-0.790069 
-0.788202 
-0.786156 
-0.783933 
-0.781533 
-0.778955 
-0.7762 
-0.773269 
-0.770162 
-0.766879 
-0.763421 
-0.759787 
-0.75598 
-0.751999 
-0.747845 
-0.743518 
-0.739019 
-0.734349 
-0.729509 
-0.724499 
-0.719319 
-0.713972 
-0.708457 
-0.702776 
-0.69693 
-0.690919 
-0.684744 
-0.678407 
-0.671909 
-0.66525 
-0.658432 
-0.651456 
-0.644323 
-0.637035 
-0.629593 
-0.621997 
-0.614251 
-0.606354 
-0.598308 
-0.590116 
-0.581778 
-0.573296 
-0.564671 
-0.555906 
-0.547002 
-0.537961 
-0.528784 
-0.519473 
-0.510031 
-0.500458 
-0.490758 
-0.480932 
-0.470981 
-0.460909 
-0.450717 
-0.440407 
-0.429982 
-0.419444 
-0.408795 
-0.398037 
-0.387172 
-0.376204 
-0.365134 
-0.353965 
-0.342699 
-0.33134 
-0.319889 
-0.308349 
-0.296722 
-0.285013 
-0.273222 
-0.261353 
-0.249409 
-0.237392 
-0.225305 
-0.213152 
-0.200934 
-0.188656 
-0.176319 
-0.163927 
-0.151483 
-0.13899 
-0.12645 
-0.113868 
-0.101245 
-0.088586 
-0.0758929 
-0.0631692 
-0.050418 
-0.0376426 
-0.0248459 
-0.0120314 
0.000797894 
0.0136387 
0.0264879 
0.0393421 
0.0521982 
0.065053 
0.0779031 
0.0907454 
0.103577 
0.116394 
0.129193 
0.141972 
0.154727 
0.167454 
0.180151 
0.192815 
0.205442 
0.218029 
0.230573 
0.243071 
0.255519 
0.267915 
0.280255 
0.292537 
0.304758 
0.316913 
0.329002 
0.341019 
0.352963 
0.364831 
0.376619 
0.388325 
0.399946 
0.411479 
0.422921 
0.43427 
0.445523 
0.456678 
0.467731 
0.47868 
0.489523 
0.500256 
0.510878 
0.521386 
0.531778 
0.54205 
0.552202 
0.56223 
0.572132 
0.581907 
0.591551 
0.601063 
0.610441 
0.619683 
0.628786 
0.637748 
0.646568 
0.655244 
0.663774 
0.672155 
0.680388 
0.688468 
0.696396 
0.704168 
0.711784 
0.719243 
0.726541 
0.733679 
0.740654 
0.747465 
0.754111 
0.76059 
0.766901 
0.773043 
0.779015 
0.784815 
0.790442 
0.795896 
0.801174 
0.806277 
0.811202 
0.81595 
0.820519 
0.824907 
0.829116 
0.833142 
0.836987 
0.840648 
0.844126 
0.847419 
0.850528 
0.85345 
0.856186 
0.858735 
0.861097 
0.863271 
0.865257 
0.867054 
0.868661 
0.870079 
0.871308 
0.872345 
0.873193 
0.87385 
0.874315 
0.87459 
0.874673 
0.874565 
0.874265 
0.873774 
0.873091 
0.872217 
0.871151 
0.869893 
0.868444 
0.866803 
0.864972 
0.862949 
0.860735 
0.858331 
0.855737 
0.852952 
0.849978 
0.846814 
0.843462 
0.839921 
0.836192 
0.832275 
0.828172 
0.823882 
0.819406 
0.814744 
0.809898 
0.804869 
0.799656 
0.79426 
0.788683 
0.782926 
0.776988 
0.770871 
0.764577 
0.758105 
0.751457 
0.744634 
0.737638 
0.730468 
0.723127 
0.715616 
0.707935 
0.700087 
0.692073 
0.683893 
0.67555 
0.667044 
0.658378 
0.649553 
0.64057 
0.631432 
0.622139 
0.612694 
0.603098 
0.593353 
0.583462 
0.573425 
0.563245 
0.552924 
0.542464 
0.531867 
0.521135 
0.51027 
0.499275 
0.488152 
0.476902 
0.46553 
0.454036 
0.442423 
0.430694 
0.418852 
0.406899 
0.394837 
0.382669 
0.370398 
0.358027 
0.345559 
0.332995 
0.32034 
0.307596 
0.294766 
0.281853 
0.26886 
0.255789 
0.242645 
0.229431 
0.216148 
0.202801 
0.189393 
0.175927 
0.162407 
0.148834 
0.135214 
0.121549 
0.107843 
0.0940983 
0.0803192 
0.066509 
0.052671 
0.0388087 
0.0249256 
0.0110252 
-0.00288916 
-0.0168139 
-0.0307454 
-0.0446803 
-0.058615 
-0.0725461 
-0.0864699 
-0.100383 
-0.114282 
-0.128163 
-0.142023 
-0.155858 
-0.169665 
-0.18344 
-0.19718 
-0.210882 
-0.224541 
-0.238155 
-0.251719 
-0.265232 
-0.278689 
-0.292087 
-0.305423 
-0.318693 
-0.331894 
-0.345023 
-0.358077 
-0.371052 
-0.383945 
-0.396754 
-0.409475 
-0.422105 
-0.434641 
-0.447081 
-0.45942 
-0.471657 
-0.483788 
-0.49581 
-0.507722 
-0.519519 
-0.5312 
-0.542762 
-0.554201 
-0.565517 
-0.576705 
-0.587763 
-0.59869 
-0.609482 
-0.620138 
-0.630654 
-0.641029 
-0.651261 
-0.661347 
-0.671285 
-0.681073 
-0.69071 
-0.700192 
-0.709519 
-0.718688 
-0.727697 
-0.736544 
-0.745229 
-0.753748 
-0.762101 
-0.770286 
-0.778301 
-0.786145 
-0.793815 
-0.801311 
-0.808632 
-0.815775 
-0.82274 
-0.829525 
-0.836129 
-0.842551 
-0.848789 
-0.854843 
-0.860711 
-0.866392 
-0.871885 
-0.87719 
-0.882305 
-0.887229 
-0.891962 
-0.896503 
-0.90085 
-0.905004 
-0.908963 
-0.912726 
-0.916294 
-0.919664 
-0.922838 
-0.925814 
-0.928591 
-0.931169 
-0.933548 
-0.935728 
-0.937707 
-0.939485 
-0.941062 
-0.942439 
-0.943613 
-0.944586 
-0.945357 
-0.945925 
-0.946291 
-0.946454 
-0.946414 
-0.946172 
-0.945727 
-0.945079 
-0.944228 
-0.943174 
-0.941917 
-0.940457 
-0.938795 
-0.93693 
-0.934863 
-0.932594 
-0.930123 
-0.92745 
-0.924576 
-0.921501 
-0.918225 
-0.914749 
-0.911073 
-0.907197 
-0.903123 
-0.89885 
-0.894379 
-0.889711 
-0.884846 
-0.879785 
-0.874529 
-0.869078 
-0.863433 
-0.857594 
-0.851564 
-0.845342 
-0.838929 
-0.832327 
-0.825536 
-0.818557 
-0.811392 
-0.804041 
-0.796505 
-0.788787 
-0.780886 
-0.772805 
-0.764544 
-0.756105 
-0.747489 
-0.738698 
-0.729733 
-0.720596 
-0.711288 
-0.70181 
-0.692166 
-0.682355 
-0.672381 
-0.662244 
-0.651946 
-0.641491 
-0.630878 
-0.620112 
-0.609192 
-0.598123 
-0.586905 
-0.57554 
-0.564032 
-0.552383 
-0.540594 
-0.528669 
-0.516609 
-0.504417 
-0.492096 
-0.479648 
-0.467076 
-0.454383 
-0.441571 
-0.428643 
-0.415602 
-0.402451 
-0.389192 
-0.375829 
-0.362365 
-0.348803 
-0.335146 
-0.321397 
-0.307558 
-0.293635 
-0.279629 
-0.265544 
-0.251383 
-0.23715 
-0.222849 
-0.208482 
-0.194053 
-0.179565 
-0.165023 
-0.150429 
-0.135788 
-0.121102 
-0.106376 
-0.0916133 
-0.0768174 
-0.0619921 
-0.047141 
-0.0322679 
-0.0173766 
-0.00247086 
0.0124456 
0.0273691 
0.0422957 
0.0572217 
0.0721433 
0.0870567 
0.101958 
0.116844 
0.13171 
0.146553 
0.161369 
0.176154 
0.190905 
0.205617 
0.220288 
0.234913 
0.249488 
0.264011 
0.278477 
0.292883 
0.307226 
0.321501 
0.335705 
0.349835 
0.363888 
0.377859 
0.391746 
0.405545 
0.419253 
0.432867 
0.446383 
0.459798 
0.47311 
0.486314 
0.499408 
0.512389 
0.525254 
0.538 
0.550624 
0.563123 
0.575495 
0.587737 
0.599845 
0.611818 
0.623653 
0.635348 
0.646899 
0.658304 
0.669561 
0.680669 
0.691623 
0.702423 
0.713065 
0.723548 
0.73387 
0.744029 
0.754022 
0.763848 
0.773505 
0.782991 
0.792304 
0.801442 
0.810405 
0.819189 
0.827794 
0.836218 
0.844459 
0.852516 
0.860388 
0.868072 
0.875569 
0.882876 
0.889993 
0.896917 
0.903648 
0.910185 
0.916527 
0.922672 
0.92862 
0.93437 
0.93992 
0.94527 
0.950419 
0.955366 
0.960111 
0.964652 
0.968989 
0.973121 
0.977047 
0.980767 
0.984281 
0.987587 
0.990686 
0.993576 
0.996258 
0.99873 
1.00099 
1.00305 
1.00489 
1.00652 
1.00794 
1.00915 
1.01015 
1.01094 
1.01151 
1.01187 
1.01202 
1.01196 
1.01169 
1.0112 
1.01051 
1.0096 
1.00847 
1.00714 
1.00559 
1.00383 
1.00186 
0.999679 
0.997285 
0.99468 
0.991864 
0.988837 
0.9856 
0.982153 
0.978497 
0.974631 
0.970557 
0.966274 
0.961783 
0.957085 
0.952181 
0.94707 
0.941754 
0.936233 
0.930508 
0.92458 
0.918449 
0.912117 
0.905583 
0.898849 
0.891917 
0.884786 
0.877458 
0.869933 
0.862214 
0.854301 
0.846195 
0.837897 
0.82941 
0.820733 
0.811868 
0.802817 
0.793582 
0.784163 
0.774562 
0.764781 
0.754821 
0.744685 
0.734373 
0.723887 
0.71323 
0.702403 
0.691409 
0.680248 
0.668924 
0.657438 
0.645792 
0.63399 
0.622031 
0.60992 
0.597659 
0.58525 
0.572694 
0.559996 
0.547158 
0.534181 
0.521069 
0.507825 
0.494451 
0.480951 
0.467326 
0.45358 
0.439717 
0.425738 
0.411648 
0.397449 
0.383145 
0.368738 
0.354233 
0.339631 
0.324938 
0.310156 
0.295289 
0.28034 
0.265313 
0.250211 
0.235038 
0.219798 
0.204494 
0.18913 
0.173711 
0.158239 
0.142719 
0.127154 
0.111548 
0.0959054 
0.08023 
0.0645257 
0.0487964 
0.0330461 
0.0172787 
0.00149833 
-0.0142911 
-0.0300856 
-0.045881 
-0.0616735 
-0.0774589 
-0.0932332 
-0.108993 
-0.124733 
-0.14045 
-0.15614 
-0.171799 
-0.187423 
-0.203008 
-0.218551 
-0.234046 
-0.249491 
-0.264881 
-0.280213 
-0.295483 
-0.310687 
-0.325821 
-0.340881 
-0.355865 
-0.370768 
-0.385586 
-0.400317 
-0.414956 
-0.4295 
-0.443946 
-0.45829 
-0.472529 
-0.48666 
-0.500679 
-0.514583 
-0.528369 
-0.542033 
-0.555574 
-0.568987 
-0.58227 
-0.59542 
-0.608434 
-0.621309 
-0.634042 
-0.646632 
-0.659074 
-0.671367 
-0.683508 
-0.695495 
-0.707325 
-0.718995 
-0.730505 
-0.74185 
-0.753029 
-0.76404 
-0.774881 
-0.78555 
-0.796044 
-0.806363 
-0.816503 
-0.826463 
-0.836242 
-0.845837 
-0.855247 
-0.86447 
-0.873506 
-0.882351 
-0.891005 
-0.899466 
-0.907733 
-0.915805 
-0.92368 
-0.931357 
-0.938834 
-0.946112 
-0.953187 
-0.96006 
-0.96673 
-0.973194 
-0.979453 
-0.985506 
-0.991351 
-0.996988 
-1.00242 
-1.00763 
-1.01264 
-1.01744 
-1.02202 
-1.02639 
-1.03055 
-1.03449 
-1.03822 
-1.04174 
-1.04503 
-1.04812 
-1.05098 
-1.05363 
-1.05607 
-1.05828 
-1.06028 
-1.06206 
-1.06362 
-1.06496 
-1.06609 
-1.06699 
-1.06768 
-1.06814 
-1.06839 
-1.06842 
-1.06823 
-1.06781 
-1.06718 
-1.06633 
-1.06526 
-1.06397 
-1.06246 
-1.06074 
-1.05879 
-1.05662 
-1.05424 
-1.05163 
-1.04881 
-1.04577 
-1.04251 
-1.03904 
-1.03535 
-1.03144 
-1.02731 
-1.02297 
-1.01841 
-1.01364 
-1.00866 
-1.00346 
-0.998047 
-0.992423 
-0.986587 
-0.980539 
-0.974282 
-0.967814 
-0.961138 
-0.954254 
-0.947163 
-0.939866 
-0.932364 
-0.924657 
-0.916748 
-0.908636 
-0.900324 
-0.891811 
-0.8831 
-0.874192 
-0.865088 
-0.85579 
-0.846298 
-0.836614 
-0.826741 
-0.816678 
-0.806429 
-0.795994 
-0.785375 
-0.774574 
-0.763593 
-0.752434 
-0.741099 
-0.729589 
-0.717906 
-0.706053 
-0.694033 
-0.681846 
-0.669495 
-0.656983 
-0.644312 
-0.631485 
-0.618503 
-0.60537 
-0.592088 
-0.57866 
-0.565088 
-0.551375 
-0.537524 
-0.523538 
-0.509421 
-0.495174 
-0.480801 
-0.466305 
-0.451689 
-0.436957 
-0.422112 
-0.407157 
-0.392096 
-0.376931 
-0.361667 
-0.346307 
-0.330855 
-0.315313 
-0.299687 
-0.28398 
-0.268194 
-0.252335 
-0.236407 
-0.220412 
-0.204355 
-0.188239 
-0.17207 
-0.15585 
-0.139585 
-0.123277 
-0.106931 
-0.0905519 
-0.0741427 
-0.0577079 
-0.0412517 
-0.0247784 
-0.00829196 
0.00820324 
0.024703 
0.0412033 
0.0576996 
0.074188 
0.0906641 
0.107124 
0.123563 
0.139977 
0.156362 
0.172714 
0.189029 
0.205303 
0.22153 
0.237709 
0.253833 
0.2699 
0.285905 
0.301845 
0.317715 
0.333511 
0.34923 
0.364868 
0.380421 
0.395886 
0.411258 
0.426533 
0.44171 
0.456783 
0.471749 
0.486605 
0.501348 
0.515973 
0.530478 
0.54486 
0.559115 
0.57324 
0.587232 
0.601089 
0.614806 
0.628381 
0.641812 
0.655095 
0.668228 
0.681208 
0.694033 
0.706699 
0.719205 
0.731547 
0.743724 
0.755734 
0.767573 
0.77924 
0.790733 
0.802049 
0.813186 
0.824143 
0.834918 
0.845508 
0.855912 
0.866128 
0.876154 
0.885989 
0.895631 
0.905078 
0.91433 
0.923384 
0.932239 
0.940894 
0.949347 
0.957598 
0.965644 
0.973485 
0.98112 
0.988548 
0.995767 
1.00278 
1.00957 
1.01616 
1.02254 
1.0287 
1.03465 
1.04038 
1.0459 
1.0512 
1.05628 
1.06115 
1.0658 
1.07023 
1.07444 
1.07843 
1.0822 
1.08575 
1.08908 
1.09218 
1.09507 
1.09773 
1.10017 
1.10239 
1.10438 
1.10615 
1.10769 
1.10902 
1.11011 
1.11099 
1.11164 
1.11206 
1.11226 
1.11224 
1.11199 
1.11151 
1.11081 
1.10989 
1.10874 
1.10737 
1.10577 
1.10395 
1.1019 
1.09963 
1.09714 
1.09442 
1.09148 
1.08832 
1.08493 
1.08133 
1.0775 
1.07344 
1.06917 
1.06468 
1.05996 
1.05503 
1.04988 
1.0445 
1.03891 
1.03311 
1.02708 
1.02084 
1.01438 
1.00771 
1.00083 
0.993732 
0.986422 
0.978901 
0.97117 
0.96323 
0.955081 
0.946725 
0.938163 
0.929397 
0.920426 
0.911253 
0.901879 
0.892306 
0.882534 
0.872565 
0.862401 
0.852043 
0.841492 
0.830751 
0.819821 
0.808705 
0.797402 
0.785917 
0.77425 
0.762403 
0.75038 
0.73818 
0.725808 
0.713265 
0.700553 
0.687675 
0.674633 
0.66143 
0.648068 
0.63455 
0.620878 
0.607055 
0.593084 
0.578968 
0.56471 
0.550312 
0.535778 
0.521111 
0.506313 
0.491388 
0.47634 
0.461172 
0.445886 
0.430487 
0.414978 
0.399363 
0.383644 
0.367827 
0.351913 
0.335908 
0.319815 
0.303638 
0.28738 
0.271046 
0.25464 
0.238165 
0.221626 
0.205027 
0.188371 
0.171663 
0.154908 
0.138109 
0.121271 
0.104397 
0.0874928 
0.0705618 
0.0536085 
0.0366373 
0.0196525 
0.00265841 
-0.0143406 
-0.0313403 
-0.0483361 
-0.0653239 
-0.0822991 
-0.0992576 
-0.116195 
-0.133107 
-0.149989 
-0.166837 
-0.183647 
-0.200414 
-0.217134 
-0.233804 
-0.250418 
-0.266973 
-0.283464 
-0.299888 
-0.316241 
-0.332517 
-0.348715 
-0.364828 
-0.380855 
-0.39679 
-0.41263 
-0.428372 
-0.444011 
-0.459544 
-0.474967 
-0.490277 
-0.505471 
-0.520544 
-0.535494 
-0.550317 
-0.56501 
-0.57957 
-0.593993 
-0.608277 
-0.622418 
-0.636414 
-0.650261 
-0.663958 
-0.6775 
-0.690886 
-0.704112 
-0.717176 
-0.730076 
-0.742809 
-0.755373 
-0.767765 
-0.779983 
-0.792025 
-0.803889 
-0.815572 
-0.827073 
-0.838389 
-0.849519 
-0.860461 
-0.871212 
-0.881772 
-0.892138 
-0.902309 
-0.912284 
-0.92206 
-0.931636 
-0.941011 
-0.950183 
-0.959151 
-0.967914 
-0.97647 
-0.984819 
-0.992959 
-1.00089 
-1.00861 
-1.01611 
-1.02341 
-1.03049 
-1.03735 
-1.044 
-1.05043 
-1.05665 
-1.06264 
-1.06842 
-1.07398 
-1.07931 
-1.08443 
-1.08933 
-1.094 
-1.09845 
-1.10268 
-1.10668 
-1.11046 
-1.11401 
-1.11735 
-1.12045 
-1.12333 
-1.12598 
-1.12841 
-1.13061 
-1.13259 
-1.13434 
-1.13586 
-1.13715 
-1.13822 
-1.13906 
-1.13967 
-1.14005 
-1.14021 
-1.14014 
-1.13984 
-1.13931 
-1.13855 
-1.13757 
-1.13636 
-1.13492 
-1.13326 
-1.13137 
-1.12925 
-1.1269 
-1.12433 
-1.12153 
-1.11851 
-1.11526 
-1.11178 
-1.10808 
-1.10415 
-1.1 
-1.09563 
-1.09103 
-1.08621 
-1.08116 
-1.0759 
-1.07041 
-1.0647 
-1.05877 
-1.05262 
-1.04626 
-1.03967 
-1.03287 
-1.02585 
-1.01861 
-1.01116 
-1.0035 
-0.995624 
-0.987535 
-0.979235 
-0.970725 
-0.962006 
-0.95308 
-0.943948 
-0.93461 
-0.925069 
-0.915325 
-0.90538 
-0.895236 
-0.884893 
-0.874354 
-0.863621 
-0.852694 
-0.841575 
-0.830267 
-0.818771 
-0.80709 
-0.795224 
-0.783176 
-0.770949 
-0.758544 
-0.745963 
-0.733209 
-0.720284 
-0.707191 
-0.693932 
-0.680509 
-0.666924 
-0.653182 
-0.639284 
-0.625233 
-0.611032 
-0.596683 
-0.582191 
-0.567557 
-0.552785 
-0.537878 
-0.522839 
-0.507671 
-0.492379 
-0.476964 
-0.461431 
-0.445783 
-0.430024 
-0.414157 
-0.398186 
-0.382115 
-0.365947 
-0.349686 
-0.333336 
-0.316901 
-0.300385 
-0.283792 
-0.267126 
-0.250391 
-0.233591 
-0.216731 
-0.199814 
-0.182845 
-0.165828 
-0.148767 
-0.131667 
-0.114532 
-0.0973659 
-0.0801736 
-0.0629594 
-0.0457276 
-0.0284826 
-0.0112289 
0.00602907 
0.023287 
0.0405404 
0.0577848 
0.0750159 
0.0922292 
0.10942 
0.126585 
0.143719 
0.160817 
0.177876 
0.194891 
0.211857 
0.228772 
0.245629 
0.262426 
0.279157 
0.29582 
0.312409 
0.32892 
0.345351 
0.361696 
0.377952 
0.394115 
0.41018 
0.426146 
0.442006 
0.457759 
0.4734 
0.488925 
0.504332 
0.519616 
0.534775 
0.549805 
0.564703 
0.579465 
0.594089 
0.608571 
0.622908 
0.637098 
0.651137 
0.665022 
0.678752 
0.692322 
0.705731 
0.718976 
0.732055 
0.744964 
0.757701 
0.770265 
0.782653 
0.794863 
0.806892 
0.818738 
0.8304 
0.841876 
0.853163 
0.86426 
0.875164 
0.885875 
0.896391 
0.906709 
0.916829 
0.926748 
0.936466 
0.94598 
0.95529 
0.964394 
0.973292 
0.981981 
0.99046 
0.998729 
1.00679 
1.01463 
1.02226 
1.02968 
1.03688 
1.04386 
1.05063 
1.05718 
1.06351 
1.06961 
1.0755 
1.08117 
1.08662 
1.09184 
1.09684 
1.10162 
1.10618 
1.11051 
1.11461 
1.11849 
1.12215 
1.12557 
1.12877 
1.13175 
1.1345 
1.13702 
1.13931 
1.14138 
1.14321 
1.14482 
1.14621 
1.14736 
1.14828 
1.14898 
1.14945 
1.14968 
1.14969 
1.14947 
1.14903 
1.14835 
1.14745 
1.14631 
1.14495 
1.14336 
1.14154 
1.1395 
1.13722 
1.13472 
1.13199 
1.12904 
1.12585 
1.12245 
1.11881 
1.11495 
1.11086 
1.10655 
1.10202 
1.09726 
1.09228 
1.08707 
1.08165 
1.076 
1.07013 
1.06403 
1.05772 
1.05119 
1.04445 
1.03748 
1.0303 
1.0229 
1.01529 
1.00746 
0.999426 
0.991175 
0.982714 
0.974043 
0.965164 
0.956078 
0.946785 
0.937289 
0.927589 
0.917687 
0.907584 
0.897284 
0.886785 
0.876091 
0.865204 
0.854124 
0.842853 
0.831394 
0.819749 
0.807918 
0.795905 
0.783712 
0.77134 
0.758792 
0.746069 
0.733175 
0.720112 
0.706882 
0.693488 
0.679932 
0.666217 
0.652345 
0.63832 
0.624145 
0.609821 
0.595352 
0.580742 
0.565992 
0.551107 
0.53609 
0.520943 
0.50567 
0.490275 
0.474761 
0.459131 
0.443389 
0.427539 
0.411584 
0.395529 
0.379376 
0.363129 
0.346793 
0.330372 
0.313868 
0.297288 
0.280633 
0.263909 
0.24712 
0.230269 
0.213362 
0.196401 
0.179392 
0.162339 
0.145246 
0.128118 
0.110958 
0.0937707 
0.0765614 
0.0593339 
0.0420928 
0.0248423 
0.00758699 
-0.00966877 
-0.0269206 
-0.0441639 
-0.0613945 
-0.0786079 
-0.0957996 
-0.112965 
-0.130101 
-0.147201 
-0.164263 
-0.181281 
-0.198252 
-0.215171 
-0.232033 
-0.248836 
-0.265574 
-0.282243 
-0.298839 
-0.315359 
-0.331798 
-0.348153 
-0.364418 
-0.380592 
-0.396669 
-0.412646 
-0.428519 
-0.444284 
-0.459939 
-0.475479 
-0.490901 
-0.506201 
-0.521376 
-0.536423 
-0.551339 
-0.566119 
-0.580762 
-0.595264 
-0.609622 
-0.623833 
-0.637894 
-0.651802 
-0.665555 
-0.67915 
-0.692584 
-0.705855 
-0.71896 
-0.731896 
-0.744662 
-0.757255 
-0.769672 
-0.781912 
-0.793972 
-0.805851 
-0.817545 
-0.829054 
-0.840376 
-0.851508 
-0.862448 
-0.873196 
-0.883749 
-0.894105 
-0.904264 
-0.914224 
-0.923982 
-0.933538 
-0.942891 
-0.952038 
-0.96098 
-0.969714 
-0.978239 
-0.986554 
-0.994659 
-1.00255 
-1.01023 
-1.0177 
-1.02495 
-1.03198 
-1.0388 
-1.04541 
-1.05179 
-1.05795 
-1.0639 
-1.06962 
-1.07513 
-1.08041 
-1.08547 
-1.09031 
-1.09493 
-1.09932 
-1.10349 
-1.10743 
-1.11115 
-1.11464 
-1.11791 
-1.12095 
-1.12377 
-1.12636 
-1.12872 
-1.13086 
-1.13277 
-1.13445 
-1.13591 
-1.13714 
-1.13814 
-1.13891 
-1.13945 
-1.13977 
-1.13986 
-1.13972 
-1.13936 
-1.13876 
-1.13794 
-1.1369 
-1.13562 
-1.13412 
-1.13239 
-1.13043 
-1.12825 
-1.12584 
-1.1232 
-1.12034 
-1.11726 
-1.11394 
-1.11041 
-1.10665 
-1.10266 
-1.09845 
-1.09402 
-1.08937 
-1.08449 
-1.07939 
-1.07407 
-1.06854 
-1.06278 
-1.0568 
-1.0506 
-1.04419 
-1.03756 
-1.03071 
-1.02365 
-1.01638 
-1.00889 
-1.00119 
-0.993279 
-0.985158 
-0.976828 
-0.96829 
-0.959545 
-0.950595 
-0.941441 
-0.932085 
-0.922527 
-0.912769 
-0.902813 
-0.89266 
-0.882311 
-0.87177 
-0.861036 
-0.850112 
-0.839 
-0.827701 
-0.816218 
-0.804552 
-0.792706 
-0.780681 
-0.76848 
-0.756105 
-0.743558 
-0.730842 
-0.717959 
-0.704911 
-0.691701 
-0.678332 
-0.664806 
-0.651126 
-0.637294 
-0.623314 
-0.609189 
-0.594921 
-0.580513 
-0.565968 
-0.55129 
-0.536482 
-0.521547 
-0.506488 
-0.491309 
-0.476013 
-0.460604 
-0.445085 
-0.429459 
-0.413731 
-0.397904 
-0.381982 
-0.365968 
-0.349867 
-0.333682 
-0.317417 
-0.301076 
-0.284664 
-0.268184 
-0.25164 
-0.235036 
-0.218377 
-0.201667 
-0.18491 
-0.16811 
-0.151271 
-0.134398 
-0.117495 
-0.100566 
-0.0836162 
-0.0666489 
-0.0496689 
-0.0326804 
-0.0156879 
0.00130429 
0.0182919 
0.0352704 
0.0522357 
0.0691833 
0.086109 
0.103008 
0.119877 
0.136711 
0.153506 
0.170258 
0.186962 
0.203614 
0.220211 
0.236747 
0.25322 
0.269624 
0.285956 
0.302213 
0.318389 
0.334481 
0.350486 
0.366399 
0.382217 
0.397936 
0.413552 
0.429062 
0.444463 
0.45975 
0.47492 
0.48997 
0.504897 
0.519698 
0.534368 
0.548905 
0.563307 
0.577569 
0.591689 
0.605664 
0.619492 
0.633168 
0.646692 
0.660059 
0.673268 
0.686316 
0.6992 
0.711918 
0.724467 
0.736846 
0.749052 
0.761083 
0.772937 
0.784612 
0.796105 
0.807415 
0.81854 
0.829478 
0.840228 
0.850787 
0.861154 
0.871327 
0.881306 
0.891087 
0.90067 
0.910054 
0.919237 
0.928217 
0.936995 
0.945567 
0.953933 
0.962093 
0.970044 
0.977786 
0.985318 
0.992639 
0.999748 
1.00664 
1.01333 
1.01979 
1.02605 
1.03208 
1.0379 
1.04351 
1.04889 
1.05406 
1.059 
1.06373 
1.06824 
1.07252 
1.07659 
1.08043 
1.08405 
1.08745 
1.09063 
1.09358 
1.09631 
1.09882 
1.1011 
1.10316 
1.105 
1.10661 
1.108 
1.10916 
1.1101 
1.11081 
1.1113 
1.11156 
1.1116 
1.11142 
1.11101 
1.11037 
1.10951 
1.10843 
1.10713 
1.10559 
1.10384 
1.10186 
1.09966 
1.09724 
1.09459 
1.09172 
1.08863 
1.08532 
1.08178 
1.07803 
1.07405 
1.06986 
1.06545 
1.06081 
1.05596 
1.05089 
1.04561 
1.04011 
1.03439 
1.02846 
1.02231 
1.01595 
1.00938 
1.0026 
0.995607 
0.988405 
0.980994 
0.973375 
0.965551 
0.957521 
0.949287 
0.94085 
0.932212 
0.923373 
0.914336 
0.905101 
0.89567 
0.886045 
0.876227 
0.866217 
0.856018 
0.845631 
0.835057 
0.824299 
0.813359 
0.802239 
0.790939 
0.779463 
0.767813 
0.75599 
0.743998 
0.731837 
0.719511 
0.707022 
0.694372 
0.681564 
0.668601 
0.655484 
0.642217 
0.628803 
0.615244 
0.601543 
0.587703 
0.573726 
0.559617 
0.545378 
0.531012 
0.516523 
0.501913 
0.487186 
0.472346 
0.457395 
0.442337 
0.427176 
0.411915 
0.396558 
0.381109 
0.365571 
0.349947 
0.334243 
0.31846 
0.302605 
0.286679 
0.270688 
0.254635 
0.238524 
0.222359 
0.206144 
0.189884 
0.173582 
0.157243 
0.14087 
0.124468 
0.108041 
0.0915938 
0.0751294 
0.0586526 
0.0421676 
0.0256786 
0.00918978 
-0.00729467 
-0.0237705 
-0.0402336 
-0.0566796 
-0.0731045 
-0.0895041 
-0.105874 
-0.122211 
-0.138509 
-0.154766 
-0.170977 
-0.187138 
-0.203246 
-0.219295 
-0.235282 
-0.251204 
-0.267056 
-0.282834 
-0.298535 
-0.314155 
-0.32969 
-0.345137 
-0.360491 
-0.37575 
-0.390909 
-0.405966 
-0.420916 
-0.435757 
-0.450485 
-0.465097 
-0.479589 
-0.493958 
-0.508202 
-0.522317 
-0.5363 
-0.550148 
-0.563859 
-0.577429 
-0.590855 
-0.604136 
-0.617268 
-0.630248 
-0.643075 
-0.655745 
-0.668257 
-0.680607 
-0.692794 
-0.704815 
-0.716668 
-0.728352 
-0.739862 
-0.751199 
-0.76236 
-0.773342 
-0.784145 
-0.794765 
-0.805202 
-0.815454 
-0.825519 
-0.835396 
-0.845082 
-0.854577 
-0.863879 
-0.872986 
-0.881898 
-0.890612 
-0.899129 
-0.907445 
-0.915561 
-0.923475 
-0.931186 
-0.938694 
-0.945996 
-0.953092 
-0.959981 
-0.966663 
-0.973135 
-0.979399 
-0.985452 
-0.991294 
-0.996925 
-1.00234 
-1.00755 
-1.01254 
-1.01732 
-1.02188 
-1.02623 
-1.03036 
-1.03428 
-1.03798 
-1.04146 
-1.04472 
-1.04777 
-1.0506 
-1.05321 
-1.05561 
-1.05778 
-1.05974 
-1.06147 
-1.06299 
-1.06429 
-1.06537 
-1.06623 
-1.06687 
-1.06729 
-1.06749 
-1.06747 
-1.06724 
-1.06678 
-1.0661 
-1.06521 
-1.0641 
-1.06276 
-1.06121 
-1.05944 
-1.05746 
-1.05525 
-1.05283 
-1.05019 
-1.04733 
-1.04426 
-1.04097 
-1.03747 
-1.03375 
-1.02982 
-1.02567 
-1.02131 
-1.01674 
-1.01196 
-1.00696 
-1.00176 
-0.996341 
-0.990717 
-0.984884 
-0.978844 
-0.972597 
-0.966145 
-0.959488 
-0.952628 
-0.945565 
-0.938301 
-0.930836 
-0.923172 
-0.915311 
-0.907252 
-0.898998 
-0.890551 
-0.88191 
-0.873079 
-0.864057 
-0.854848 
-0.845451 
-0.83587 
-0.826106 
-0.81616 
-0.806034 
-0.79573 
-0.78525 
-0.774596 
-0.763769 
-0.752773 
-0.741608 
-0.730277 
-0.718783 
-0.707128 
-0.695313 
-0.683341 
-0.671215 
-0.658937 
-0.64651 
-0.633936 
-0.621218 
-0.608358 
-0.595359 
-0.582225 
-0.568957 
-0.55556 
-0.542035 
-0.528386 
-0.514615 
-0.500727 
-0.486724 
-0.472609 
-0.458386 
-0.444057 
-0.429627 
-0.415099 
-0.400475 
-0.38576 
-0.370958 
-0.35607 
-0.341102 
-0.326057 
-0.310939 
-0.295751 
-0.280496 
-0.26518 
-0.249805 
-0.234376 
-0.218896 
-0.203369 
-0.187799 
-0.17219 
-0.156546 
-0.140871 
-0.125169 
-0.109444 
-0.0936991 
-0.0779395 
-0.0621688 
-0.0463909 
-0.0306099 
-0.0148298 
0.000945336 
0.0167116 
0.0324649 
0.0482013 
0.0639168 
0.0796075 
0.0952693 
0.110898 
0.126491 
0.142043 
0.15755 
0.173009 
0.188416 
0.203767 
0.219058 
0.234286 
0.249447 
0.264537 
0.279552 
0.29449 
0.309346 
0.324116 
0.338799 
0.353389 
0.367884 
0.38228 
0.396574 
0.410763 
0.424843 
0.438811 
0.452665 
0.466401 
0.480017 
0.493508 
0.506873 
0.520109 
0.533212 
0.54618 
0.559011 
0.571701 
0.584248 
0.59665 
0.608905 
0.621008 
0.632959 
0.644756 
0.656395 
0.667874 
0.679192 
0.690347 
0.701336 
0.712157 
0.722808 
0.733288 
0.743595 
0.753727 
0.763682 
0.773459 
0.783055 
0.79247 
0.801702 
0.810749 
0.81961 
0.828283 
0.836768 
0.845062 
0.853165 
0.861076 
0.868793 
0.876315 
0.883641 
0.89077 
0.897701 
0.904433 
0.910965 
0.917296 
0.923426 
0.929353 
0.935077 
0.940598 
0.945913 
0.951023 
0.955928 
0.960626 
0.965117 
0.9694 
0.973475 
0.977341 
0.980998 
0.984446 
0.987684 
0.990712 
0.99353 
0.996136 
0.998532 
1.00072 
1.00269 
1.00445 
1.006 
1.00734 
1.00846 
1.00938 
1.01008 
1.01057 
1.01084 
1.01091 
1.01076 
1.0104 
1.00983 
1.00905 
1.00805 
1.00685 
1.00543 
1.0038 
1.00197 
0.999919 
0.997662 
0.995194 
0.992518 
0.989634 
0.986541 
0.98324 
0.979733 
0.976019 
0.972098 
0.967973 
0.963643 
0.959109 
0.954371 
0.949431 
0.94429 
0.938947 
0.933404 
0.927662 
0.921722 
0.915585 
0.909252 
0.902723 
0.896 
0.889085 
0.881977 
0.874679 
0.867192 
0.859516 
0.851654 
0.843607 
0.835375 
0.826962 
0.818367 
0.809593 
0.800641 
0.791513 
0.782211 
0.772736 
0.76309 
0.753276 
0.743294 
0.733147 
0.722837 
0.712365 
0.701735 
0.690948 
0.680006 
0.668911 
0.657667 
0.646274 
0.634736 
0.623055 
0.611233 
0.599274 
0.587179 
0.574951 
0.562593 
0.550108 
0.537498 
0.524766 
0.511916 
0.498949 
0.48587 
0.47268 
0.459384 
0.445984 
0.432483 
0.418885 
0.405192 
0.391408 
0.377537 
0.363581 
0.349545 
0.33543 
0.321242 
0.306983 
0.292657 
0.278267 
0.263817 
0.249311 
0.234752 
0.220144 
0.20549 
0.190794 
0.17606 
0.161292 
0.146493 
0.131667 
0.116817 
0.101948 
0.0870639 
0.0721674 
0.0572628 
0.0423538 
0.0274442 
0.0125378 
-0.00236169 
-0.0172504 
-0.0321247 
-0.0469808 
-0.0618149 
-0.0766233 
-0.0914023 
-0.106148 
-0.120857 
-0.135526 
-0.150151 
-0.164728 
-0.179253 
-0.193724 
-0.208137 
-0.222488 
-0.236773 
-0.250989 
-0.265134 
-0.279203 
-0.293192 
-0.3071 
-0.320922 
-0.334656 
-0.348298 
-0.361844 
-0.375293 
-0.38864 
-0.401883 
-0.41502 
-0.428046 
-0.440959 
-0.453756 
-0.466435 
-0.478992 
-0.491426 
-0.503733 
-0.51591 
-0.527956 
-0.539868 
-0.551643 
-0.563279 
-0.574774 
-0.586125 
-0.59733 
-0.608387 
-0.619293 
-0.630048 
-0.640648 
-0.651091 
-0.661376 
-0.671501 
-0.681464 
-0.691263 
-0.700897 
-0.710363 
-0.71966 
-0.728786 
-0.73774 
-0.746521 
-0.755126 
-0.763555 
-0.771806 
-0.779878 
-0.787769 
-0.795478 
-0.803004 
-0.810346 
-0.817502 
-0.824472 
-0.831255 
-0.837849 
-0.844253 
-0.850467 
-0.85649 
-0.86232 
-0.867958 
-0.873402 
-0.878651 
-0.883705 
-0.888563 
-0.893225 
-0.897689 
-0.901956 
-0.906024 
-0.909894 
-0.913564 
-0.917035 
-0.920306 
-0.923376 
-0.926245 
-0.928913 
-0.931379 
-0.933644 
-0.935707 
-0.937568 
-0.939226 
-0.940682 
-0.941936 
-0.942986 
-0.943834 
-0.94448 
-0.944922 
-0.945162 
-0.945199 
-0.945034 
-0.944666 
-0.944096 
-0.943324 
-0.94235 
-0.941174 
-0.939797 
-0.938219 
-0.93644 
-0.93446 
-0.932281 
-0.929902 
-0.927323 
-0.924547 
-0.921572 
-0.918399 
-0.915029 
-0.911463 
-0.907701 
-0.903744 
-0.899592 
-0.895247 
-0.890708 
-0.885978 
-0.881056 
-0.875944 
-0.870643 
-0.865153 
-0.859475 
-0.853611 
-0.847561 
-0.841327 
-0.83491 
-0.828311 
-0.82153 
-0.814571 
-0.807433 
-0.800118 
-0.792628 
-0.784963 
-0.777126 
-0.769117 
-0.760939 
-0.752593 
-0.744081 
-0.735404 
-0.726564 
-0.717563 
-0.708402 
-0.699084 
-0.68961 
-0.679983 
-0.670203 
-0.660275 
-0.650198 
-0.639976 
-0.629611 
-0.619105 
-0.60846 
-0.597679 
-0.586763 
-0.575716 
-0.564539 
-0.553236 
-0.541808 
-0.530258 
-0.51859 
-0.506805 
-0.494906 
-0.482897 
-0.470779 
-0.458556 
-0.44623 
-0.433805 
-0.421283 
-0.408667 
-0.395961 
-0.383167 
-0.370288 
-0.357328 
-0.34429 
-0.331176 
-0.317991 
-0.304737 
-0.291418 
-0.278036 
-0.264596 
-0.2511 
-0.237552 
-0.223955 
-0.210313 
-0.196629 
-0.182906 
-0.169149 
-0.15536 
-0.141543 
-0.127701 
-0.113838 
-0.0999575 
-0.0860628 
-0.0721576 
-0.0582453 
-0.0443294 
-0.0304134 
-0.0165009 
-0.00259536 
0.0112997 
0.0251809 
0.0390446 
0.0528875 
0.0667059 
0.0804966 
0.094256 
0.107981 
0.121667 
0.135313 
0.148913 
0.162465 
0.175966 
0.189412 
0.202801 
0.216128 
0.22939 
0.242585 
0.255709 
0.268759 
0.281733 
0.294626 
0.307436 
0.320161 
0.332796 
0.34534 
0.357789 
0.37014 
0.382391 
0.39454 
0.406582 
0.418516 
0.430339 
0.442049 
0.453642 
0.465117 
0.476471 
0.487701 
0.498806 
0.509782 
0.520628 
0.531342 
0.541921 
0.552363 
0.562666 
0.572827 
0.582846 
0.59272 
0.602448 
0.612026 
0.621454 
0.630729 
0.639851 
0.648817 
0.657625 
0.666275 
0.674764 
0.683091 
0.691255 
0.699253 
0.707086 
0.71475 
0.722246 
0.729572 
0.736726 
0.743708 
0.750516 
0.757149 
0.763607 
0.769887 
0.77599 
0.781914 
0.787658 
0.793221 
0.798603 
0.803803 
0.80882 
0.813653 
0.818302 
0.822766 
0.827044 
0.831135 
0.83504 
0.838758 
0.842287 
0.845629 
0.848781 
0.851745 
0.854519 
0.857103 
0.859497 
0.861701 
0.863714 
0.865536 
0.867167 
0.868607 
0.869856 
0.870914 
0.87178 
0.872454 
0.872938 
0.87323 
0.87333 
0.87324 
0.872958 
0.872485 
0.871822 
0.870968 
0.869924 
0.86869 
0.867267 
0.865654 
0.863852 
0.861861 
0.859682 
0.857316 
0.854763 
0.852023 
0.849096 
0.845985 
0.842688 
0.839208 
0.835544 
0.831697 
0.827668 
0.823458 
0.819067 
0.814497 
0.809749 
0.804822 
0.799719 
0.79444 
0.788987 
0.78336 
0.777561 
0.77159 
0.765449 
0.759139 
0.752661 
0.746017 
0.739209 
0.732236 
0.725101 
0.717806 
0.710351 
0.702739 
0.69497 
0.687047 
0.678971 
0.670744 
0.662367 
0.653843 
0.645173 
0.636359 
0.627403 
0.618307 
0.609073 
0.599702 
0.590198 
0.580561 
0.570795 
0.560901 
0.550882 
0.540739 
0.530476 
0.520094 
0.509597 
0.498985 
0.488262 
0.477431 
0.466493 
0.455452 
0.444309 
0.433068 
0.421732 
0.410302 
0.398782 
0.387174 
0.375482 
0.363708 
0.351855 
0.339925 
0.327922 
0.315849 
0.303709 
0.291504 
0.279238 
0.266914 
0.254534 
0.242103 
0.229622 
0.217095 
0.204526 
0.191916 
0.179271 
0.166592 
0.153882 
0.141146 
0.128386 
0.115606 
0.102808 
0.0899964 
0.0771738 
0.0643434 
0.0515087 
0.0386728 
0.025839 
0.0130104 
0.000190285 
-0.0126181 
-0.0254116 
-0.038187 
-0.0509412 
-0.0636709 
-0.076373 
-0.0890443 
-0.101682 
-0.114282 
-0.126843 
-0.13936 
-0.151831 
-0.164252 
-0.176622 
-0.188936 
-0.201192 
-0.213387 
-0.225518 
-0.237582 
-0.249576 
-0.261497 
-0.273343 
-0.285111 
-0.296798 
-0.308401 
-0.319918 
-0.331347 
-0.342683 
-0.353926 
-0.365072 
-0.376119 
-0.387064 
-0.397906 
-0.408641 
-0.419267 
-0.429783 
-0.440185 
-0.450472 
-0.460642 
-0.470692 
-0.480619 
-0.490423 
-0.500101 
-0.509652 
-0.519072 
-0.52836 
-0.537515 
-0.546535 
-0.555418 
-0.564161 
-0.572764 
-0.581225 
-0.589542 
-0.597713 
-0.605737 
-0.613613 
-0.621339 
-0.628914 
-0.636336 
-0.643604 
-0.650716 
-0.657672 
-0.664471 
-0.67111 
-0.677589 
-0.683906 
-0.690062 
-0.696054 
-0.701882 
-0.707544 
-0.71304 
-0.71837 
-0.723531 
-0.728523 
-0.733346 
-0.737998 
-0.74248 
-0.746789 
-0.750927 
-0.754891 
-0.758682 
-0.762299 
-0.765741 
-0.769008 
-0.7721 
-0.775016 
-0.777755 
-0.780318 
-0.782704 
-0.784913 
-0.786944 
-0.788797 
-0.790473 
-0.79197 
-0.79329 
-0.794431 
-0.795393 
-0.796177 
-0.796783 
-0.79721 
-0.79746 
-0.79753 
-0.797423 
-0.797138 
-0.796675 
-0.796034 
-0.795216 
-0.794221 
-0.793049 
-0.791701 
-0.790177 
-0.788477 
-0.786601 
-0.784551 
-0.782327 
-0.779929 
-0.777357 
-0.774613 
-0.771697 
-0.76861 
-0.765352 
-0.761923 
-0.758326 
-0.75456 
-0.750627 
-0.746526 
-0.74226 
-0.737829 
-0.733234 
-0.728476 
-0.723555 
-0.718474 
-0.713233 
-0.707832 
-0.702275 
-0.696561 
-0.690691 
-0.684668 
-0.678492 
-0.672165 
-0.665687 
-0.659062 
-0.652289 
-0.64537 
-0.638308 
-0.631102 
-0.623756 
-0.616271 
-0.608647 
-0.600888 
-0.592995 
-0.584969 
-0.576812 
-0.568527 
-0.560115 
-0.551577 
-0.542917 
-0.534135 
-0.525234 
-0.516216 
-0.507084 
-0.497838 
-0.488482 
-0.479017 
-0.469446 
-0.459771 
-0.449995 
-0.440119 
-0.430146 
-0.420078 
-0.409918 
-0.399668 
-0.389331 
-0.378909 
-0.368405 
-0.357822 
-0.347161 
-0.336425 
-0.325618 
-0.314741 
-0.303798 
-0.292791 
-0.281723 
-0.270596 
-0.259414 
-0.248179 
-0.236893 
-0.225561 
-0.214184 
-0.202766 
-0.191309 
-0.179816 
-0.16829 
-0.156734 
-0.145151 
-0.133544 
-0.121915 
-0.110268 
-0.0986059 
-0.0869309 
-0.0752462 
-0.0635548 
-0.0518597 
-0.0401637 
-0.0284699 
-0.016781 
-0.00510014 
0.0065699 
0.0182262 
0.0298658 
0.0414858 
0.0530835 
0.0646558 
0.0762 
0.0877132 
0.0991925 
0.110635 
0.122039 
0.1334 
0.144716 
0.155984 
0.167203 
0.178368 
0.189477 
0.200528 
0.211517 
0.222443 
0.233303 
0.244094 
0.254814 
0.26546 
0.27603 
0.286521 
0.296931 
0.307257 
0.317498 
0.327651 
0.337713 
0.347683 
0.357557 
0.367335 
0.377013 
0.38659 
0.396064 
0.405432 
0.414693 
0.423844 
0.432884 
0.441811 
0.450623 
0.459317 
0.467893 
0.476348 
0.484681 
0.49289 
0.500974 
0.50893 
0.516757 
0.524455 
0.53202 
0.539452 
0.546749 
0.55391 
0.560934 
0.567818 
0.574563 
0.581166 
0.587627 
0.593944 
0.600116 
0.606142 
0.612021 
0.617751 
0.623333 
0.628765 
0.634045 
0.639173 
0.644149 
0.648971 
0.653639 
0.658151 
0.662507 
0.666707 
0.670749 
0.674634 
0.678359 
0.681926 
0.685333 
0.68858 
0.691666 
0.694591 
0.697355 
0.699957 
0.702396 
0.704673 
0.706787 
0.708738 
0.710526 
0.712151 
0.713611 
0.714908 
0.716041 
0.717011 
0.717816 
0.718457 
0.718934 
0.719248 
0.719397 
0.719383 
0.719205 
0.718864 
0.71836 
0.717693 
0.716863 
0.715871 
0.714717 
0.713401 
0.711924 
0.710286 
0.708487 
0.706529 
0.704411 
0.702134 
0.699699 
0.697107 
0.694357 
0.691451 
0.688389 
0.685172 
0.681801 
0.678277 
0.6746 
0.670771 
0.666791 
0.662662 
0.658383 
0.653957 
0.649383 
0.644664 
0.6398 
0.634792 
0.629642 
0.62435 
0.618918 
0.613347 
0.607639 
0.601794 
0.595814 
0.589701 
0.583455 
0.577078 
0.570573 
0.563939 
0.557179 
0.550295 
0.543288 
0.536159 
0.52891 
0.521543 
0.51406 
0.506462 
0.498752 
0.49093 
0.483 
0.474962 
0.466819 
0.458572 
0.450224 
0.441777 
0.433232 
0.424593 
0.415859 
0.407035 
0.398122 
0.389122 
0.380037 
0.37087 
0.361623 
0.352298 
0.342898 
0.333424 
0.323879 
0.314266 
0.304586 
0.294843 
0.285038 
0.275175 
0.265254 
0.25528 
0.245255 
0.23518 
0.225059 
0.214894 
0.204687 
0.194442 
0.18416 
0.173844 
0.163498 
0.153123 
0.142722 
0.132297 
0.121852 
0.111389 
0.10091 
0.0904189 
0.0799171 
0.0694079 
0.0588936 
0.0483771 
0.0378608 
0.0273475 
0.0168397 
0.00634013 
-0.00414871 
-0.0146242 
-0.0250837 
-0.0355247 
-0.0459445 
-0.0563406 
-0.0667105 
-0.0770517 
-0.0873615 
-0.0976374 
-0.107877 
-0.118078 
-0.128238 
-0.138353 
-0.148423 
-0.158444 
-0.168414 
-0.178331 
-0.188192 
-0.197995 
-0.207738 
-0.217418 
-0.227034 
-0.236582 
-0.246061 
-0.255468 
-0.264802 
-0.27406 
-0.28324 
-0.29234 
-0.301358 
-0.310292 
-0.31914 
-0.327899 
-0.336569 
-0.345147 
-0.353631 
-0.36202 
-0.370311 
-0.378503 
-0.386594 
-0.394582 
-0.402466 
-0.410244 
-0.417914 
-0.425475 
-0.432926 
-0.440263 
-0.447487 
-0.454596 
-0.461588 
-0.468461 
-0.475215 
-0.481849 
-0.48836 
-0.494747 
-0.50101 
-0.507147 
-0.513157 
-0.519039 
-0.524791 
-0.530413 
-0.535903 
-0.541262 
-0.546486 
-0.551576 
-0.556531 
-0.56135 
-0.566032 
-0.570575 
-0.574981 
-0.579246 
-0.583372 
-0.587357 
-0.5912 
-0.594901 
-0.59846 
-0.601875 
-0.605146 
-0.608273 
-0.611255 
-0.614092 
-0.616784 
-0.619329 
-0.621727 
-0.623979 
-0.626084 
-0.628042 
-0.629852 
-0.631514 
-0.633029 
-0.634395 
-0.635613 
-0.636683 
-0.637605 
-0.638378 
-0.639003 
-0.639479 
-0.639808 
-0.639988 
-0.64002 
-0.639904 
-0.63964 
-0.639229 
-0.638671 
-0.637965 
-0.637113 
-0.636114 
-0.63497 
-0.633679 
-0.632244 
-0.630663 
-0.628939 
-0.62707 
-0.625058 
-0.622903 
-0.620607 
-0.618168 
-0.615589 
-0.61287 
-0.610011 
-0.607013 
-0.603877 
-0.600604 
-0.597194 
-0.593649 
-0.58997 
-0.586156 
-0.58221 
-0.578132 
-0.573923 
-0.569584 
-0.565117 
-0.560522 
-0.5558 
-0.550953 
-0.545981 
-0.540887 
-0.535671 
-0.530334 
-0.524878 
-0.519304 
-0.513614 
-0.507809 
-0.501889 
-0.495858 
-0.489715 
-0.483463 
-0.477103 
-0.470637 
-0.464067 
-0.457393 
-0.450617 
-0.443742 
-0.436769 
-0.429699 
-0.422534 
-0.415276 
-0.407928 
-0.400489 
-0.392964 
-0.385352 
-0.377657 
-0.36988 
-0.362023 
-0.354087 
-0.346076 
-0.337991 
-0.329833 
-0.321606 
-0.31331 
-0.304949 
-0.296523 
-0.288036 
-0.27949 
-0.270885 
-0.262226 
-0.253513 
-0.24475 
-0.235937 
-0.227078 
-0.218175 
-0.209229 
-0.200244 
-0.191221 
-0.182163 
-0.173072 
-0.16395 
-0.154799 
-0.145623 
-0.136422 
-0.1272 
-0.117958 
-0.1087 
-0.099427 
-0.0901418 
-0.0808465 
-0.0715436 
-0.0622354 
-0.0529242 
-0.0436123 
-0.0343021 
-0.0249958 
-0.0156957 
-0.00640427 
0.00287633 
0.0121438 
0.0213958 
0.03063 
0.0398443 
0.0490364 
0.0582039 
0.0673447 
0.0764566 
0.0855373 
0.0945846 
0.103596 
0.11257 
0.121505 
0.130397 
0.139245 
0.148046 
0.1568 
0.165503 
0.174153 
0.182749 
0.191289 
0.19977 
0.208191 
0.216549 
0.224843 
0.23307 
0.24123 
0.249319 
0.257337 
0.265281 
0.273149 
0.280941 
0.288653 
0.296285 
0.303834 
0.3113 
0.31868 
0.325972 
0.333176 
0.34029 
0.347311 
0.35424 
0.361073 
0.36781 
0.374449 
0.38099 
0.38743 
0.393768 
0.400003 
0.406133 
0.412158 
0.418076 
0.423887 
0.429588 
0.435178 
0.440658 
0.446025 
0.451278 
0.456417 
0.46144 
0.466347 
0.471137 
0.475808 
0.48036 
0.484792 
0.489103 
0.493293 
0.497361 
0.501305 
0.505126 
0.508822 
0.512394 
0.515839 
0.519159 
0.522352 
0.525417 
0.528355 
0.531164 
0.533845 
0.536397 
0.538819 
0.541112 
0.543274 
0.545306 
0.547207 
0.548978 
0.550617 
0.552125 
0.553502 
0.554747 
0.55586 
0.556842 
0.557692 
0.55841 
0.558996 
0.559451 
0.559773 
0.559965 
0.560025 
0.559953 
0.559751 
0.559417 
0.558953 
0.558359 
0.557634 
0.55678 
0.555796 
0.554683 
0.553442 
0.552072 
0.550574 
0.548949 
0.547197 
0.545319 
0.543315 
0.541186 
0.538933 
0.536556 
0.534055 
0.531432 
0.528687 
0.525821 
0.522835 
0.519729 
0.516505 
0.513163 
0.509704 
0.506129 
0.502438 
0.498634 
0.494717 
0.490687 
0.486547 
0.482296 
0.477937 
0.47347 
0.468896 
0.464216 
0.459433 
0.454546 
0.449557 
0.444468 
0.439279 
0.433993 
0.42861 
0.423131 
0.417559 
0.411894 
0.406138 
0.400293 
0.394359 
0.388338 
0.382233 
0.376044 
0.369773 
0.363421 
0.356991 
0.350483 
0.3439 
0.337243 
0.330514 
0.323714 
0.316845 
0.30991 
0.302909 
0.295844 
0.288718 
0.281531 
0.274287 
0.266986 
0.259631 
0.252223 
0.244765 
0.237257 
0.229703 
0.222103 
0.214461 
0.206777 
0.199054 
0.191294 
0.183498 
0.175669 
0.167809 
0.159919 
0.152002 
0.14406 
0.136094 
0.128106 
0.120099 
0.112075 
0.104036 
0.0959827 
0.0879184 
0.0798448 
0.0717639 
0.0636777 
0.0555883 
0.0474975 
0.0394075 
0.0313203 
0.0232379 
0.0151622 
0.00709521 
-0.000960982 
-0.00900445 
-0.0170332 
-0.0250453 
-0.0330388 
-0.0410116 
-0.048962 
-0.0568879 
-0.0647874 
-0.0726586 
-0.0804997 
-0.0883087 
-0.0960837 
-0.103823 
-0.111525 
-0.119187 
-0.126807 
-0.134385 
-0.141918 
-0.149404 
-0.156842 
-0.16423 
-0.171565 
-0.178847 
-0.186074 
-0.193245 
-0.200356 
-0.207407 
-0.214397 
-0.221323 
-0.228184 
-0.234979 
-0.241706 
-0.248363 
-0.25495 
-0.261464 
-0.267904 
-0.274268 
-0.280557 
-0.286767 
-0.292898 
-0.298948 
-0.304916 
-0.310801 
-0.316601 
-0.322316 
-0.327944 
-0.333483 
-0.338934 
-0.344294 
-0.349563 
-0.354739 
-0.359821 
-0.364809 
-0.369702 
-0.374498 
-0.379196 
-0.383796 
-0.388297 
-0.392697 
-0.396996 
-0.401194 
-0.405289 
-0.40928 
-0.413167 
-0.41695 
-0.420626 
-0.424197 
-0.427661 
-0.431017 
-0.434265 
-0.437405 
-0.440435 
-0.443356 
-0.446166 
-0.448866 
-0.451455 
-0.453933 
-0.456299 
-0.458552 
-0.460693 
-0.462722 
-0.464637 
-0.466439 
-0.468127 
-0.469702 
-0.471162 
-0.472509 
-0.473741 
-0.474859 
-0.475863 
-0.476752 
-0.477527 
-0.478187 
-0.478734 
-0.479165 
-0.479483 
-0.479686 
-0.479775 
-0.47975 
-0.479612 
-0.47936 
-0.478995 
-0.478517 
-0.477926 
-0.477222 
-0.476407 
-0.47548 
-0.474441 
-0.473292 
-0.472031 
-0.470661 
-0.469181 
-0.467592 
-0.465894 
-0.464089 
-0.462175 
-0.460155 
-0.458029 
-0.455796 
-0.453459 
-0.451018 
-0.448473 
-0.445825 
-0.443075 
-0.440224 
-0.437272 
-0.43422 
-0.43107 
-0.427821 
-0.424476 
-0.421034 
-0.417498 
-0.413866 
-0.410142 
-0.406325 
-0.402418 
-0.398419 
-0.394332 
-0.390157 
-0.385895 
-0.381546 
-0.377114 
-0.372597 
-0.367999 
-0.363319 
-0.35856 
-0.353722 
-0.348806 
-0.343815 
-0.338748 
-0.333608 
-0.328397 
-0.323114 
-0.317762 
-0.312342 
-0.306855 
-0.301303 
-0.295688 
-0.29001 
-0.284272 
-0.278474 
-0.272618 
-0.266706 
-0.260739 
-0.254719 
-0.248647 
-0.242525 
-0.236355 
-0.230137 
-0.223874 
-0.217568 
-0.211219 
-0.204829 
-0.198401 
-0.191935 
-0.185434 
-0.178899 
-0.172331 
-0.165733 
-0.159106 
-0.152452 
-0.145772 
-0.139068 
-0.132342 
-0.125596 
-0.118831 
-0.112048 
-0.105251 
-0.0984395 
-0.0916163 
-0.0847829 
-0.0779409 
-0.0710922 
-0.0642384 
-0.0573812 
-0.0505223 
-0.0436635 
-0.0368064 
-0.0299528 
-0.0231042 
-0.0162626 
-0.00942938 
-0.00260639 
0.00420474 
0.0110023 
0.0177848 
0.0245503 
0.0312974 
0.0380244 
0.0447296 
0.0514114 
0.0580683 
0.0646986 
0.0713007 
0.0778731 
0.0844142 
0.0909225 
0.0973963 
0.103834 
0.110235 
0.116596 
0.122917 
0.129197 
0.135433 
0.141624 
0.147768 
0.153866 
0.159914 
0.165912 
0.171858 
0.17775 
0.183589 
0.189371 
0.195097 
0.200764 
0.206372 
0.211919 
0.217403 
0.222825 
0.228182 
0.233473 
0.238698 
0.243855 
0.248943 
0.25396 
0.258907 
0.263781 
0.268583 
0.27331 
0.277962 
0.282537 
0.287036 
0.291457 
0.295799 
0.300061 
0.304242 
0.308342 
0.31236 
0.316295 
0.320146 
0.323912 
0.327593 
0.331188 
0.334697 
0.338118 
0.341451 
0.344696 
0.347852 
0.350918 
0.353894 
0.356779 
0.359572 
0.362275 
0.364884 
0.367402 
0.369826 
0.372157 
0.374394 
0.376537 
0.378586 
0.38054 
0.382399 
0.384163 
